date,version,lastUpdated,install,averagerating,ratingcount,trendingdaily,updateCount,weightedRating,downloadCount
2024-11-26,0.1.0,2024-03-16T05:57:57.877+00:00,7663,1,1,0,8,4.093822481190247,111
2024-11-26,0.1.0,2024-03-16T05:57:57.877+00:00,7671,1,1,0,8,4.093822481190247,111
2024-11-26,0.1.0,2024-03-16T05:57:57.877+00:00,7671,1,1,0,8,4.093822481190247,111
2024-11-27,0.1.0,2024-03-16T05:57:57.877+00:00,7709,1,1,0.02599766021058105,9,4.093822481190247,112
2024-11-27,0.1.0,2024-03-16T05:57:57.877+00:00,7709,1,1,0.02599766021058105,9,4.093822481190247,112
2024-11-28,0.1.0,2024-03-16T05:57:57.877+00:00,7756,1,1,0.02584313218762114,9,4.093822481190247,112
2024-11-28,0.1.0,2024-03-16T05:57:57.877+00:00,7756,1,1,0.02584313218762114,9,4.093822481190247,112
2024-11-29,0.1.0,2024-03-16T05:57:57.877+00:00,7794,1,1,0.025697031992804834,9,4.093822481190247,112
2024-11-29,0.1.0,2024-03-16T05:57:57.877+00:00,7794,1,1,0.025697031992804834,9,4.093822481190247,112
2024-11-30,0.1.0,2024-03-16T05:57:57.877+00:00,7829,1,1,0.012790995139421849,9,4.093822481190247,113
2024-11-30,0.1.0,2024-03-16T05:57:57.877+00:00,7829,1,1,0.012790995139421849,9,4.093822481190247,113
2024-12-01,0.1.0,2024-03-16T05:57:57.877+00:00,7859,1,1,0.012742099898063202,9,4.093822481190247,113
2024-12-01,0.1.0,2024-03-16T05:57:57.877+00:00,7859,1,1,0.012742099898063202,9,4.093822481190247,113
2024-12-02,0.1.0,2024-03-16T05:57:57.877+00:00,7889,1,1,0.012700025400050798,9,4.093822481190247,113
2024-12-02,0.1.0,2024-03-16T05:57:57.877+00:00,7889,1,1,0.012700025400050798,9,4.093822481190247,113
2024-12-03,0.1.0,2024-03-16T05:57:57.877+00:00,7932,1,1,0.02524933720489837,9,4.093822481190247,113
2024-12-03,0.1.0,2024-03-16T05:57:57.877+00:00,7932,1,1,0.02524933720489837,9,4.093822481190247,113
2024-12-04,0.1.0,2024-03-16T05:57:57.877+00:00,7972,1,1,0,9,4.093822481190247,113
2024-12-04,0.1.0,2024-03-16T05:57:57.877+00:00,7972,1,1,0,9,4.093822481190247,113
2024-12-05,0.1.0,2024-03-16T05:57:57.877+00:00,8013,1,1,0.025009378516943855,9,4.093822481190247,113
2024-12-05,0.1.0,2024-03-16T05:57:57.877+00:00,8013,1,1,0.025009378516943855,9,4.093822481190247,113
2024-12-06,0.1.0,2024-03-16T05:57:57.877+00:00,8053,1,1,0.02487252829250093,9,4.093822481190247,113
2024-12-06,0.1.0,2024-03-16T05:57:57.877+00:00,8053,1,1,0.02487252829250093,9,4.093822481190247,113
2024-12-07,0.1.0,2024-03-16T05:57:57.877+00:00,8082,1,1,0.012382367508667657,10,4.093822481190247,113
2024-12-07,0.1.0,2024-03-16T05:57:57.877+00:00,8082,1,1,0.012382367508667657,10,4.093822481190247,113
2024-12-08,0.1.0,2024-03-16T05:57:57.877+00:00,8107,1,1,0,11,4.093822481190247,116
2024-12-08,0.1.0,2024-03-16T05:57:57.877+00:00,8107,1,1,0,11,4.093822481190247,116
2024-12-09,0.1.0,2024-03-16T05:57:57.877+00:00,8148,1,1,0,12,4.093822481190247,118
2024-12-09,0.1.0,2024-03-16T05:57:57.877+00:00,8148,1,1,0,12,4.093822481190247,118
2024-12-10,0.1.0,2024-03-16T05:57:57.877+00:00,8181,1,1,0.01224739742804654,13,4.093822481190247,118
2024-12-10,0.1.0,2024-03-16T05:57:57.877+00:00,8181,1,1,0.01224739742804654,13,4.093822481190247,118
2024-12-11,0.1.0,2024-03-16T05:57:57.877+00:00,8226,1,1,0,13,4.093822481190247,119
2024-12-11,0.1.0,2024-03-16T05:57:57.877+00:00,8226,1,1,0,13,4.093822481190247,119
2024-12-12,0.1.0,2024-03-16T05:57:57.877+00:00,8268,1,1,0,13,4.093822481190247,119
2024-12-12,0.1.0,2024-03-16T05:57:57.877+00:00,8268,1,1,0,13,4.093822481190247,119
2024-12-13,0.1.0,2024-03-16T05:57:57.877+00:00,8314,1,1,0.024110910186859555,13,4.093822481190247,119
2024-12-13,0.1.0,2024-03-16T05:57:57.877+00:00,8314,1,1,0.024110910186859555,13,4.093822481190247,119
2024-12-14,0.1.0,2024-03-16T05:57:57.877+00:00,8343,1,1,0,13,4.093822481190247,119
2024-12-14,0.1.0,2024-03-16T05:57:57.877+00:00,8343,1,1,0,13,4.093822481190247,119
2024-12-15,0.1.0,2024-03-16T05:57:57.877+00:00,8378,1,1,0.011954572624028692,13,4.093822481190247,123
2024-12-15,0.1.0,2024-03-16T05:57:57.877+00:00,8378,1,1,0.011954572624028692,13,4.093822481190247,123
2024-12-16,0.1.0,2024-03-16T05:57:57.877+00:00,8426,1,1,0.011901928112354201,13,4.093822481190247,123
2024-12-16,0.1.0,2024-03-16T05:57:57.877+00:00,8426,1,1,0.011901928112354201,13,4.093822481190247,123
2024-12-17,0.1.0,2024-03-16T05:57:57.877+00:00,8448,1,1,0.011901928112354201,13,4.093822481190247,124
2024-12-17,0.1.0,2024-03-16T05:57:57.877+00:00,8448,1,1,0.011901928112354201,13,4.093822481190247,124
2024-12-17,0.1.0,2024-03-16T05:57:57.877+00:00,8461,1,1,0,13,4.093822481190247,124
2024-12-17,0.1.0,2024-03-16T05:57:57.877+00:00,8461,1,1,0,13,4.093822481190247,124
2024-12-18,0.1.0,2024-03-16T05:57:57.877+00:00,8490,1,1,0,13,4.093822481190247,124
2024-12-18,0.1.0,2024-03-16T05:57:57.877+00:00,8490,1,1,0,13,4.093822481190247,124
2024-12-19,0.1.0,2024-03-16T05:57:57.877+00:00,8541,1,1,0.011741223435481977,13,4.093822481190247,125
2024-12-19,0.1.0,2024-03-16T05:57:57.877+00:00,8541,1,1,0.011741223435481977,13,4.093822481190247,125
2024-12-20,0.1.0,2024-03-16T05:57:57.877+00:00,8575,1,1,0,13,4.093822481190247,125
2024-12-20,0.1.0,2024-03-16T05:57:57.877+00:00,8575,1,1,0,13,4.093822481190247,125
2024-12-21,0.1.0,2024-03-16T05:57:57.877+00:00,8613,1,1,0.023255813953488372,13,4.093822481190247,127
2024-12-21,0.1.0,2024-03-16T05:57:57.877+00:00,8613,1,1,0.023255813953488372,13,4.093822481190247,127
2024-12-22,0.1.0,2024-03-16T05:57:57.877+00:00,8647,1,1,0,13,4.093822481190247,128
2024-12-22,0.1.0,2024-03-16T05:57:57.877+00:00,8647,1,1,0,13,4.093822481190247,128
2024-12-23,0.1.0,2024-03-16T05:57:57.877+00:00,8684,1,1,0,13,4.093822481190247,128
2024-12-23,0.1.0,2024-03-16T05:57:57.877+00:00,8684,1,1,0,13,4.093822481190247,128
2024-12-24,0.1.0,2024-03-16T05:57:57.877+00:00,8711,1,1,0.03448672261179446,13,4.093822481190247,128
2024-12-24,0.1.0,2024-03-16T05:57:57.877+00:00,8711,1,1,0.03448672261179446,13,4.093822481190247,128
2024-12-25,0.1.0,2024-03-16T05:57:57.877+00:00,8735,1,1,0.022925263640531865,13,4.093822481190247,128
2024-12-25,0.1.0,2024-03-16T05:57:57.877+00:00,8735,1,1,0.022925263640531865,13,4.093822481190247,128
2024-12-26,0.1.0,2024-03-16T05:57:57.877+00:00,8769,1,1,0,13,4.093822481190247,129
2024-12-26,0.1.0,2024-03-16T05:57:57.877+00:00,8769,1,1,0,13,4.093822481190247,129
2024-12-27,0.1.0,2024-03-16T05:57:57.877+00:00,8802,1,1,0,13,4.093822481190247,129
2024-12-27,0.1.0,2024-03-16T05:57:57.877+00:00,8802,1,1,0,13,4.093822481190247,129
2024-12-28,0.1.0,2024-03-16T05:57:57.877+00:00,8831,1,1,0,13,4.093822481190247,130
2024-12-28,0.1.0,2024-03-16T05:57:57.877+00:00,8831,1,1,0,13,4.093822481190247,130
2024-12-29,0.1.0,2024-03-16T05:57:57.877+00:00,8850,1,1,0,14,4.093822481190247,130
2024-12-29,0.1.0,2024-03-16T05:57:57.877+00:00,8850,1,1,0,14,4.093822481190247,130
2024-12-30,0.1.0,2024-03-16T05:57:57.877+00:00,8875,1,1,0.011280315848843767,14,4.093822481190247,130
2024-12-30,0.1.0,2024-03-16T05:57:57.877+00:00,8875,1,1,0.011280315848843767,14,4.093822481190247,130
2024-12-31,0.1.0,2024-03-16T05:57:57.877+00:00,8894,1,1,0,14,4.093822481190247,130
2024-12-31,0.1.0,2024-03-16T05:57:57.877+00:00,8894,1,1,0,14,4.093822481190247,130
2025-01-01,0.1.0,2024-03-16T05:57:57.877+00:00,8915,1,1,0.011224604332697273,14,4.093822481190247,130
2025-01-01,0.1.0,2024-03-16T05:57:57.877+00:00,8915,1,1,0.011224604332697273,14,4.093822481190247,130
2025-01-02,0.1.0,2024-03-16T05:57:57.877+00:00,8949,1,1,0.011194447554013208,14,4.093822481190247,130
2025-01-02,0.1.0,2024-03-16T05:57:57.877+00:00,8949,1,1,0.011194447554013208,14,4.093822481190247,130
2025-01-03,0.1.0,2024-03-16T05:57:57.877+00:00,8993,1,1,0.04454839068938635,14,4.093822481190247,130
2025-01-03,0.1.0,2024-03-16T05:57:57.877+00:00,8993,1,1,0.04454839068938635,14,4.093822481190247,130
2025-01-04,0.1.0,2024-03-16T05:57:57.877+00:00,9016,1,1,0,14,4.093822481190247,133
2025-01-04,0.1.0,2024-03-16T05:57:57.877+00:00,9016,1,1,0,14,4.093822481190247,133
2025-01-05,0.1.0,2024-03-16T05:57:57.877+00:00,9055,1,1,0.02212878955521133,14,4.093822481190247,134
2025-01-05,0.1.0,2024-03-16T05:57:57.877+00:00,9055,1,1,0.02212878955521133,14,4.093822481190247,134
2025-01-06,0.1.0,2024-03-16T05:57:57.877+00:00,9080,1,1,0,14,4.093822481190247,136
2025-01-06,0.1.0,2024-03-16T05:57:57.877+00:00,9080,1,1,0,14,4.093822481190247,136
2025-01-07,0.1.0,2024-03-16T05:57:57.877+00:00,9116,1,1,0.01098780353807274,14,4.093822481190247,136
2025-01-07,0.1.0,2024-03-16T05:57:57.877+00:00,9116,1,1,0.01098780353807274,14,4.093822481190247,136
2025-01-08,0.1.0,2024-03-16T05:57:57.877+00:00,9158,1,1,0.010938525486764385,14,4.093822481190247,137
2025-01-08,0.1.0,2024-03-16T05:57:57.877+00:00,9158,1,1,0.010938525486764385,14,4.093822481190247,137
2025-01-09,0.1.0,2024-03-16T05:57:57.877+00:00,9193,1,1,0,14,4.093822481190247,137
2025-01-09,0.1.0,2024-03-16T05:57:57.877+00:00,9193,1,1,0,14,4.093822481190247,137
2025-01-10,0.1.0,2024-03-16T05:57:57.877+00:00,9224,1,1,0,14,4.093822481190247,137
2025-01-10,0.1.0,2024-03-16T05:57:57.877+00:00,9224,1,1,0,14,4.093822481190247,137
2025-01-11,0.1.0,2024-03-16T05:57:57.877+00:00,9251,1,1,0,14,4.093822481190247,138
2025-01-11,0.1.0,2024-03-16T05:57:57.877+00:00,9251,1,1,0,14,4.093822481190247,138
2025-01-12,0.1.0,2024-03-16T05:57:57.877+00:00,9274,1,1,0,15,4.093822481190247,138
2025-01-12,0.1.0,2024-03-16T05:57:57.877+00:00,9274,1,1,0,15,4.093822481190247,138
2025-01-13,0.1.0,2024-03-16T05:57:57.877+00:00,9304,1,1,0,15,4.093822481190247,138
2025-01-13,0.1.0,2024-03-16T05:57:57.877+00:00,9304,1,1,0,15,4.093822481190247,138
2025-01-14,0.1.0,2024-03-16T05:57:57.877+00:00,9332,1,1,0,15,4.093822481190247,138
2025-01-14,0.1.0,2024-03-16T05:57:57.877+00:00,9332,1,1,0,15,4.093822481190247,138
2025-01-15,0.1.0,2024-03-16T05:57:57.877+00:00,9354,1,1,0,15,4.093822481190247,138
2025-01-15,0.1.0,2024-03-16T05:57:57.877+00:00,9354,1,1,0,15,4.093822481190247,138
2025-01-16,0.1.0,2024-03-16T05:57:57.877+00:00,9390,1,1,0,15,4.093822481190247,138
2025-01-16,0.1.0,2024-03-16T05:57:57.877+00:00,9390,1,1,0,15,4.093822481190247,138
2025-01-17,0.1.0,2024-03-16T05:57:57.877+00:00,9426,1,1,0,15,4.093822481190247,138
2025-01-17,0.1.0,2024-03-16T05:57:57.877+00:00,9426,1,1,0,15,4.093822481190247,138
2025-01-18,0.1.0,2024-03-16T05:57:57.877+00:00,9454,1,1,0.03175275190516511,16,4.093822481190247,139
2025-01-18,0.1.0,2024-03-16T05:57:57.877+00:00,9454,1,1,0.03175275190516511,16,4.093822481190247,139
2025-01-19,0.1.0,2024-03-16T05:57:57.877+00:00,9480,1,1,0.010556317956296843,16,4.093822481190247,139
2025-01-19,0.1.0,2024-03-16T05:57:57.877+00:00,9480,1,1,0.010556317956296843,16,4.093822481190247,139
2025-01-20,0.1.0,2024-03-16T05:57:57.877+00:00,9513,1,1,0,17,4.093822481190247,139
2025-01-20,0.1.0,2024-03-16T05:57:57.877+00:00,9513,1,1,0,17,4.093822481190247,139
2025-01-21,0.1.0,2024-03-16T05:57:57.877+00:00,9547,1,1,0.01049097775912715,17,4.093822481190247,139
2025-01-21,0.1.0,2024-03-16T05:57:57.877+00:00,9547,1,1,0.01049097775912715,17,4.093822481190247,139
2025-01-22,0.1.0,2024-03-16T05:57:57.877+00:00,9596,1,1,0,17,4.093822481190247,140
2025-01-22,0.1.0,2024-03-16T05:57:57.877+00:00,9596,1,1,0,17,4.093822481190247,140
2025-01-23,0.1.0,2024-03-16T05:57:57.877+00:00,9630,1,1,0,19,4.093822481190247,140
2025-01-23,0.1.0,2024-03-16T05:57:57.877+00:00,9630,1,1,0,19,4.093822481190247,140
2025-01-24,0.1.0,2024-03-16T05:57:57.877+00:00,9668,1,1,0.010356255178127589,19,4.093822481190247,140
2025-01-24,0.1.0,2024-03-16T05:57:57.877+00:00,9668,1,1,0.010356255178127589,19,4.093822481190247,140
2025-01-25,0.1.0,2024-03-16T05:57:57.877+00:00,9701,1,1,0,19,4.093822481190247,141
2025-01-25,0.1.0,2024-03-16T05:57:57.877+00:00,9701,1,1,0,19,4.093822481190247,141
2025-01-26,0.1.0,2024-03-16T05:57:57.877+00:00,9738,1,1,0.04114379757251594,19,4.093822481190247,141
2025-01-26,0.1.0,2024-03-16T05:57:57.877+00:00,9738,1,1,0.04114379757251594,19,4.093822481190247,141
2025-01-27,0.1.0,2024-03-16T05:57:57.877+00:00,9768,1,1,0.030759766225776686,19,4.093822481190247,141
2025-01-27,0.1.0,2024-03-16T05:57:57.877+00:00,9768,1,1,0.030759766225776686,19,4.093822481190247,141
2025-01-28,0.1.0,2024-03-16T05:57:57.877+00:00,9804,1,1,0.01021659174499387,19,4.093822481190247,141
2025-01-28,0.1.0,2024-03-16T05:57:57.877+00:00,9804,1,1,0.01021659174499387,19,4.093822481190247,141
2025-01-29,0.1.0,2024-03-16T05:57:57.877+00:00,9841,1,1,0,20,4.093822481190247,142
2025-01-29,0.1.0,2024-03-16T05:57:57.877+00:00,9841,1,1,0,20,4.093822481190247,142
2025-01-30,0.1.0,2024-03-16T05:57:57.877+00:00,9871,1,1,0,22,4.093822481190247,143
2025-01-30,0.1.0,2024-03-16T05:57:57.877+00:00,9871,1,1,0,22,4.093822481190247,143
2025-01-31,0.1.0,2024-03-16T05:57:57.877+00:00,9902,1,1,0,23,4.093822481190247,143
2025-01-31,0.1.0,2024-03-16T05:57:57.877+00:00,9902,1,1,0,23,4.093822481190247,143
2025-02-01,0.1.0,2024-03-16T05:57:57.877+00:00,9932,1,1,0.020159258139300473,23,4.093822481190247,144
2025-02-01,0.1.0,2024-03-16T05:57:57.877+00:00,9932,1,1,0.020159258139300473,23,4.093822481190247,144
2025-02-02,0.1.0,2024-03-16T05:57:57.877+00:00,9965,1,1,0,23,4.093822481190247,144
2025-02-02,0.1.0,2024-03-16T05:57:57.877+00:00,9965,1,1,0,23,4.093822481190247,144
2025-02-03,0.1.0,2024-03-16T05:57:57.877+00:00,9994,1,1,0.01001602564102564,23,4.093822481190247,145
2025-02-03,0.1.0,2024-03-16T05:57:57.877+00:00,9994,1,1,0.01001602564102564,23,4.093822481190247,145
2025-02-04,0.1.0,2024-03-16T05:57:57.877+00:00,10030,1,1,0,23,4.093822481190247,145
2025-02-04,0.1.0,2024-03-16T05:57:57.877+00:00,10030,1,1,0,23,4.093822481190247,145
2025-02-05,0.1.0,2024-03-16T05:57:57.877+00:00,10076,1,1,0.00994431185361973,23,4.093822481190247,146
2025-02-05,0.1.0,2024-03-16T05:57:57.877+00:00,10076,1,1,0.00994431185361973,23,4.093822481190247,146
2025-02-06,0.1.0,2024-03-16T05:57:57.877+00:00,10131,1,1,0,23,4.093822481190247,146
2025-02-06,0.1.0,2024-03-16T05:57:57.877+00:00,10131,1,1,0,23,4.093822481190247,146
2025-02-07,0.1.0,2024-03-16T05:57:57.877+00:00,10179,1,1,0.019696671262556628,24,4.093822481190247,146
2025-02-07,0.1.0,2024-03-16T05:57:57.877+00:00,10179,1,1,0.019696671262556628,24,4.093822481190247,146
2025-02-08,0.1.0,2024-03-16T05:57:57.877+00:00,10213,1,1,0.009801999607920015,25,4.093822481190247,147
2025-02-08,0.1.0,2024-03-16T05:57:57.877+00:00,10213,1,1,0.009801999607920015,25,4.093822481190247,147
2025-02-09,0.1.0,2024-03-16T05:57:57.877+00:00,10239,1,1,0,25,4.093822481190247,147
2025-02-09,0.1.0,2024-03-16T05:57:57.877+00:00,10239,1,1,0,25,4.093822481190247,147
2025-02-10,0.1.0,2024-03-16T05:57:57.877+00:00,10274,1,1,0.03897875657766517,26,4.093822481190247,147
2025-02-10,0.1.0,2024-03-16T05:57:57.877+00:00,10274,1,1,0.03897875657766517,26,4.093822481190247,147
2025-02-11,0.1.0,2024-03-16T05:57:57.877+00:00,10327,1,1,0,26,4.093822481190247,147
2025-02-11,0.1.0,2024-03-16T05:57:57.877+00:00,10327,1,1,0,26,4.093822481190247,147
2025-02-12,0.1.0,2024-03-16T05:57:57.877+00:00,10362,1,1,0,26,4.093822481190247,148
2025-02-12,0.1.0,2024-03-16T05:57:57.877+00:00,10362,1,1,0,26,4.093822481190247,148
2025-02-13,0.1.0,2024-03-16T05:57:57.877+00:00,10399,1,1,0,26,4.093822481190247,149
2025-02-13,0.1.0,2024-03-16T05:57:57.877+00:00,10399,1,1,0,26,4.093822481190247,149
2025-02-14,0.1.0,2024-03-16T05:57:57.877+00:00,10442,1,1,0.00959600806064677,27,4.093822481190247,151
2025-02-14,0.1.0,2024-03-16T05:57:57.877+00:00,10442,1,1,0.00959600806064677,27,4.093822481190247,151
2025-02-15,0.1.0,2024-03-16T05:57:57.877+00:00,10472,1,1,0.0191131498470948,28,4.093822481190247,154
2025-02-15,0.1.0,2024-03-16T05:57:57.877+00:00,10472,1,1,0.0191131498470948,28,4.093822481190247,154
2025-02-16,0.1.0,2024-03-16T05:57:57.877+00:00,10489,1,1,0.009537434430138292,28,4.093822481190247,154
2025-02-16,0.1.0,2024-03-16T05:57:57.877+00:00,10489,1,1,0.009537434430138292,28,4.093822481190247,154
2025-02-17,0.1.0,2024-03-16T05:57:57.877+00:00,10520,1,1,0,29,4.093822481190247,154
2025-02-17,0.1.0,2024-03-16T05:57:57.877+00:00,10520,1,1,0,29,4.093822481190247,154
2025-02-18,0.1.0,2024-03-16T05:57:57.877+00:00,10557,1,1,0,29,4.093822481190247,154
2025-02-18,0.1.0,2024-03-16T05:57:57.877+00:00,10557,1,1,0,29,4.093822481190247,154
2025-02-19,0.1.0,2024-03-16T05:57:57.877+00:00,10587,1,1,0.009454476694714947,29,4.093822481190247,154
2025-02-19,0.1.0,2024-03-16T05:57:57.877+00:00,10587,1,1,0.009454476694714947,29,4.093822481190247,154
2025-02-20,0.1.0,2024-03-16T05:57:57.877+00:00,10623,1,1,0,30,4.093822481190247,155
2025-02-20,0.1.0,2024-03-16T05:57:57.877+00:00,10623,1,1,0,30,4.093822481190247,155
2025-02-21,0.1.0,2024-03-16T05:57:57.877+00:00,10657,1,1,0.00939319932368965,31,4.093822481190247,155
2025-02-21,0.1.0,2024-03-16T05:57:57.877+00:00,10657,1,1,0.00939319932368965,31,4.093822481190247,155
2025-02-22,0.1.0,2024-03-16T05:57:57.877+00:00,10688,1,1,0.009365926758452749,31,4.093822481190247,156
2025-02-22,0.1.0,2024-03-16T05:57:57.877+00:00,10688,1,1,0.009365926758452749,31,4.093822481190247,156
2025-02-23,0.1.0,2024-03-16T05:57:57.877+00:00,10712,1,1,0,32,4.093822481190247,156
2025-02-23,0.1.0,2024-03-16T05:57:57.877+00:00,10712,1,1,0,32,4.093822481190247,156
2025-02-24,0.1.0,2024-03-16T05:57:57.877+00:00,10743,1,1,0.009321401938851602,32,4.093822481190247,156
2025-02-24,0.1.0,2024-03-16T05:57:57.877+00:00,10743,1,1,0.009321401938851602,32,4.093822481190247,156
2025-02-25,0.1.0,2024-03-16T05:57:57.877+00:00,10818,1,1,0,33,4.093822481190247,157
2025-02-25,0.1.0,2024-03-16T05:57:57.877+00:00,10818,1,1,0,33,4.093822481190247,157
2025-02-26,0.1.0,2024-03-16T05:57:57.877+00:00,10930,1,1,0.05514705882352941,33,4.093822481190247,158
2025-02-26,0.1.0,2024-03-16T05:57:57.877+00:00,10930,1,1,0.05514705882352941,33,4.093822481190247,158
2025-02-27,0.1.0,2024-03-16T05:57:57.877+00:00,11068,1,1,0.04545041359876375,33,4.093822481190247,159
2025-02-27,0.1.0,2024-03-16T05:57:57.877+00:00,11068,1,1,0.04545041359876375,33,4.093822481190247,159
2025-02-28,0.1.0,2024-03-16T05:57:57.877+00:00,11185,1,1,0.008974243919949745,33,4.093822481190247,160
2025-02-28,0.1.0,2024-03-16T05:57:57.877+00:00,11185,1,1,0.008974243919949745,33,4.093822481190247,160
2025-03-01,0.1.0,2024-03-16T05:57:57.877+00:00,11261,1,1,0,33,4.093822481190247,162
2025-03-01,0.1.0,2024-03-16T05:57:57.877+00:00,11261,1,1,0,33,4.093822481190247,162
2025-03-02,0.1.0,2024-03-16T05:57:57.877+00:00,11355,1,1,0,33,4.093822481190247,164
2025-03-02,0.1.0,2024-03-16T05:57:57.877+00:00,11355,1,1,0,33,4.093822481190247,164
2025-03-03,0.1.0,2024-03-16T05:57:57.877+00:00,11442,1,1,0.052576235541535225,33,4.093822481190247,164
2025-03-03,0.1.0,2024-03-16T05:57:57.877+00:00,11442,1,1,0.052576235541535225,33,4.093822481190247,164
2025-03-04,0.1.0,2024-03-16T05:57:57.877+00:00,11523,1,1,0.017398869073510223,33,4.093822481190247,164
2025-03-04,0.1.0,2024-03-16T05:57:57.877+00:00,11523,1,1,0.017398869073510223,33,4.093822481190247,164
2025-03-05,0.1.0,2024-03-16T05:57:57.877+00:00,11600,1,1,0.00864528399757932,34,4.093822481190247,164
2025-03-05,0.1.0,2024-03-16T05:57:57.877+00:00,11600,1,1,0.00864528399757932,34,4.093822481190247,164
2025-03-06,0.1.0,2024-03-16T05:57:57.877+00:00,11685,1,1,0,35,4.093822481190247,165
2025-03-06,0.1.0,2024-03-16T05:57:57.877+00:00,11685,1,1,0,35,4.093822481190247,165
2025-03-07,0.1.0,2024-03-16T05:57:57.877+00:00,11770,1,1,0.008515711487694796,36,4.093822481190247,166
2025-03-07,0.1.0,2024-03-16T05:57:57.877+00:00,11770,1,1,0.008515711487694796,36,4.093822481190247,166
2025-03-08,0.1.0,2024-03-16T05:57:57.877+00:00,11835,1,1,0.01693336720006773,36,4.093822481190247,167
2025-03-08,0.1.0,2024-03-16T05:57:57.877+00:00,11835,1,1,0.01693336720006773,36,4.093822481190247,167
2025-03-09,0.1.0,2024-03-16T05:57:57.877+00:00,11888,1,1,0.02526315789473684,36,4.093822481190247,167
2025-03-09,0.1.0,2024-03-16T05:57:57.877+00:00,11888,1,1,0.02526315789473684,36,4.093822481190247,167
2025-03-10,0.1.0,2024-03-16T05:57:57.877+00:00,11977,1,1,0.01677289500167729,36,4.093822481190247,168
2025-03-10,0.1.0,2024-03-16T05:57:57.877+00:00,11977,1,1,0.01677289500167729,36,4.093822481190247,168
2025-03-11,0.1.0,2024-03-16T05:57:57.877+00:00,12052,1,1,0,36,4.093822481190247,169
2025-03-11,0.1.0,2024-03-16T05:57:57.877+00:00,12052,1,1,0,36,4.093822481190247,169
2025-03-12,0.1.0,2024-03-16T05:57:57.877+00:00,12127,1,1,0.01653302471687195,37,4.093822481190247,169
2025-03-12,0.1.0,2024-03-16T05:57:57.877+00:00,12127,1,1,0.01653302471687195,37,4.093822481190247,169
2025-03-13,0.1.0,2024-03-16T05:57:57.877+00:00,12216,1,1,0,38,4.093822481190247,172
2025-03-13,0.1.0,2024-03-16T05:57:57.877+00:00,12216,1,1,0,38,4.093822481190247,172
2025-03-14,0.1.0,2024-03-16T05:57:57.877+00:00,12310,1,1,0.032599837000814993,38,4.093822481190247,173
2025-03-14,0.1.0,2024-03-16T05:57:57.877+00:00,12310,1,1,0.032599837000814993,38,4.093822481190247,173
2025-03-15,0.1.0,2024-03-16T05:57:57.877+00:00,12375,1,1,0.024289531212047608,38,4.093822481190247,174
2025-03-15,0.1.0,2024-03-16T05:57:57.877+00:00,12375,1,1,0.024289531212047608,38,4.093822481190247,174
2025-03-16,0.1.0,2024-03-16T05:57:57.877+00:00,12414,1,1,0.008066467693796887,38,4.093822481190247,176
2025-03-16,0.1.0,2024-03-16T05:57:57.877+00:00,12414,1,1,0.008066467693796887,38,4.093822481190247,176
2025-03-17,0.1.0,2024-03-16T05:57:57.877+00:00,12475,1,1,0,39,4.093822481190247,178
2025-03-17,0.1.0,2024-03-16T05:57:57.877+00:00,12475,1,1,0,39,4.093822481190247,178
2025-03-18,0.1.0,2024-03-16T05:57:57.877+00:00,12549,1,1,0.03194377894904967,39,4.093822481190247,180
2025-03-18,0.1.0,2024-03-16T05:57:57.877+00:00,12549,1,1,0.03194377894904967,39,4.093822481190247,180
2025-03-19,0.1.0,2024-03-16T05:57:57.877+00:00,12625,1,1,0.015876796062554578,39,4.093822481190247,182
2025-03-19,0.1.0,2024-03-16T05:57:57.877+00:00,12625,1,1,0.015876796062554578,39,4.093822481190247,182
2025-03-20,0.1.0,2024-03-16T05:57:57.877+00:00,12718,1,1,0.007892036934732853,39,4.093822481190247,182
2025-03-20,0.1.0,2024-03-16T05:57:57.877+00:00,12718,1,1,0.007892036934732853,39,4.093822481190247,182
2025-03-21,0.1.0,2024-03-16T05:57:57.877+00:00,12796,1,1,0,39,4.093822481190247,185
2025-03-21,0.1.0,2024-03-16T05:57:57.877+00:00,12796,1,1,0,39,4.093822481190247,185
2025-03-22,0.1.0,2024-03-16T05:57:57.877+00:00,12870,1,1,0,39,4.093822481190247,188
2025-03-22,0.1.0,2024-03-16T05:57:57.877+00:00,12870,1,1,0,39,4.093822481190247,188
2025-03-23,0.1.0,2024-03-16T05:57:57.877+00:00,12929,1,1,0.015494267121165169,40,4.093822481190247,189
2025-03-23,0.1.0,2024-03-16T05:57:57.877+00:00,12929,1,1,0.015494267121165169,40,4.093822481190247,189
2025-03-24,0.1.0,2024-03-16T05:57:57.877+00:00,12992,1,1,0.023123169415754586,41,4.093822481190247,191
2025-03-24,0.1.0,2024-03-16T05:57:57.877+00:00,12992,1,1,0.023123169415754586,41,4.093822481190247,191
2025-03-25,0.1.0,2024-03-16T05:57:57.877+00:00,13071,1,1,0.007674597083653108,41,4.093822481190247,193
2025-03-25,0.1.0,2024-03-16T05:57:57.877+00:00,13071,1,1,0.007674597083653108,41,4.093822481190247,193
2025-03-26,0.1.0,2024-03-16T05:57:57.877+00:00,13154,1,1,0.022855401493219567,41,4.093822481190247,197
2025-03-26,0.1.0,2024-03-16T05:57:57.877+00:00,13154,1,1,0.022855401493219567,41,4.093822481190247,197
2025-03-27,0.1.0,2024-03-16T05:57:57.877+00:00,13211,1,1,0.02274105518496058,41,4.093822481190247,198
2025-03-27,0.1.0,2024-03-16T05:57:57.877+00:00,13211,1,1,0.02274105518496058,41,4.093822481190247,198
2025-03-28,0.1.0,2024-03-16T05:57:57.877+00:00,13289,1,1,0.022632968691059976,41,4.093822481190247,198
2025-03-28,0.1.0,2024-03-16T05:57:57.877+00:00,13289,1,1,0.022632968691059976,41,4.093822481190247,198
2025-03-29,0.1.0,2024-03-16T05:57:57.877+00:00,13353,1,1,0.007503001200480192,42,4.093822481190247,200
2025-03-29,0.1.0,2024-03-16T05:57:57.877+00:00,13353,1,1,0.007503001200480192,42,4.093822481190247,200
2025-03-30,0.1.0,2024-03-16T05:57:57.877+00:00,13415,1,1,0.014940983116689076,42,4.093822481190247,201
2025-03-30,0.1.0,2024-03-16T05:57:57.877+00:00,13415,1,1,0.014940983116689076,42,4.093822481190247,201
2025-03-31,0.1.0,2024-03-16T05:57:57.877+00:00,13464,1,1,0.029761904761904764,43,4.093822481190247,203
2025-03-31,0.1.0,2024-03-16T05:57:57.877+00:00,13464,1,1,0.029761904761904764,43,4.093822481190247,203
2025-04-01,0.1.0,2024-03-16T05:57:57.877+00:00,13539,1,1,0.007407956144899621,43,4.093822481190247,205
2025-04-01,0.1.0,2024-03-16T05:57:57.877+00:00,13539,1,1,0.007407956144899621,43,4.093822481190247,205
2025-04-02,0.1.0,2024-03-16T05:57:57.877+00:00,13618,1,1,0.014719952896150731,44,4.093822481190247,209
2025-04-02,0.1.0,2024-03-16T05:57:57.877+00:00,13618,1,1,0.014719952896150731,44,4.093822481190247,209
2025-04-03,0.1.0,2024-03-16T05:57:57.877+00:00,13729,1,1,0.007307804735457469,44,4.093822481190247,211
2025-04-03,0.1.0,2024-03-16T05:57:57.877+00:00,13729,1,1,0.007307804735457469,44,4.093822481190247,211
2025-04-04,0.1.0,2024-03-16T05:57:57.877+00:00,13807,1,1,0.036279204759831665,44,4.093822481190247,214
2025-04-04,0.1.0,2024-03-16T05:57:57.877+00:00,13807,1,1,0.036279204759831665,44,4.093822481190247,214
2025-04-05,0.1.0,2024-03-16T05:57:57.877+00:00,13870,1,1,0,44,4.093822481190247,217
2025-04-05,0.1.0,2024-03-16T05:57:57.877+00:00,13870,1,1,0,44,4.093822481190247,217
2025-04-06,0.1.0,2024-03-16T05:57:57.877+00:00,13916,1,1,0.007194244604316546,44,4.093822481190247,219
2025-04-06,0.1.0,2024-03-16T05:57:57.877+00:00,13916,1,1,0.007194244604316546,44,4.093822481190247,219
2025-04-07,0.1.0,2024-03-16T05:57:57.877+00:00,13948,1,1,0.014357501794687725,44,4.093822481190247,220
2025-04-07,0.1.0,2024-03-16T05:57:57.877+00:00,13948,1,1,0.014357501794687725,44,4.093822481190247,220
2025-04-08,0.1.0,2024-03-16T05:57:57.877+00:00,14011,1,1,0.014296947601687041,44,4.093822481190247,220
2025-04-08,0.1.0,2024-03-16T05:57:57.877+00:00,14011,1,1,0.014296947601687041,44,4.093822481190247,220
2025-04-09,0.1.0,2024-03-16T05:57:57.877+00:00,14073,1,1,0.007116931179275497,44,4.093822481190247,221
2025-04-09,0.1.0,2024-03-16T05:57:57.877+00:00,14073,1,1,0.007116931179275497,44,4.093822481190247,221
2025-04-10,0.1.0,2024-03-16T05:57:57.877+00:00,14142,1,1,0.021263023601956196,44,4.093822481190247,224
2025-04-10,0.1.0,2024-03-16T05:57:57.877+00:00,14142,1,1,0.021263023601956196,44,4.093822481190247,224
2025-04-11,0.1.0,2024-03-16T05:57:57.877+00:00,14203,1,1,0.014103377758973275,44,4.093822481190247,224
2025-04-11,0.1.0,2024-03-16T05:57:57.877+00:00,14203,1,1,0.014103377758973275,44,4.093822481190247,224
2025-04-12,0.1.0,2024-03-16T05:57:57.877+00:00,14252,1,1,0.00702247191011236,44,4.093822481190247,227
2025-04-12,0.1.0,2024-03-16T05:57:57.877+00:00,14252,1,1,0.00702247191011236,44,4.093822481190247,227
2025-04-13,0.1.0,2024-03-16T05:57:57.877+00:00,14291,1,1,0,44,4.093822481190247,230
2025-04-13,0.1.0,2024-03-16T05:57:57.877+00:00,14291,1,1,0,44,4.093822481190247,230
2025-04-14,0.1.0,2024-03-16T05:57:57.877+00:00,14334,1,1,0.013969406998672905,44,4.093822481190247,231
2025-04-14,0.1.0,2024-03-16T05:57:57.877+00:00,14334,1,1,0.013969406998672905,44,4.093822481190247,231
2025-04-15,0.1.0,2024-03-16T05:57:57.877+00:00,14402,1,1,0.006960395350455906,44,4.093822481190247,232
2025-04-15,0.1.0,2024-03-16T05:57:57.877+00:00,14402,1,1,0.006960395350455906,44,4.093822481190247,232
2025-04-16,0.1.0,2024-03-16T05:57:57.877+00:00,14447,1,1,0.013862895958965829,44,4.093822481190247,232
2025-04-16,0.1.0,2024-03-16T05:57:57.877+00:00,14447,1,1,0.013862895958965829,44,4.093822481190247,232
2025-04-17,0.1.0,2024-03-16T05:57:57.877+00:00,14501,1,1,0.0069070313579223655,44,4.093822481190247,233
2025-04-17,0.1.0,2024-03-16T05:57:57.877+00:00,14501,1,1,0.0069070313579223655,44,4.093822481190247,233
2025-04-18,0.1.0,2024-03-16T05:57:57.877+00:00,14547,1,1,0.00688041832943443,44,4.093822481190247,234
2025-04-18,0.1.0,2024-03-16T05:57:57.877+00:00,14547,1,1,0.00688041832943443,44,4.093822481190247,234
2025-04-19,0.1.0,2024-03-16T05:57:57.877+00:00,14576,1,1,0.006863889079552475,44,4.093822481190247,236
2025-04-19,0.1.0,2024-03-16T05:57:57.877+00:00,14576,1,1,0.006863889079552475,44,4.093822481190247,236
2025-04-20,0.1.0,2024-03-16T05:57:57.877+00:00,14608,1,1,0.006851192107426693,44,4.093822481190247,238
2025-04-20,0.1.0,2024-03-16T05:57:57.877+00:00,14608,1,1,0.006851192107426693,44,4.093822481190247,238
2025-04-21,0.1.0,2024-03-16T05:57:57.877+00:00,14652,1,1,0.01367334381623026,44,4.093822481190247,241
2025-04-21,0.1.0,2024-03-16T05:57:57.877+00:00,14652,1,1,0.01367334381623026,44,4.093822481190247,241
2025-04-22,0.1.0,2024-03-16T05:57:57.877+00:00,14704,1,1,0,45,4.093822481190247,242
2025-04-22,0.1.0,2024-03-16T05:57:57.877+00:00,14704,1,1,0,45,4.093822481190247,242
2025-04-23,0.1.0,2024-03-16T05:57:57.877+00:00,14754,1,1,0.006788405403570701,45,4.093822481190247,243
2025-04-23,0.1.0,2024-03-16T05:57:57.877+00:00,14754,1,1,0.006788405403570701,45,4.093822481190247,243
2025-04-24,0.1.0,2024-03-16T05:57:57.877+00:00,14795,1,1,0.013534546931041485,45,4.093822481190247,243
2025-04-24,0.1.0,2024-03-16T05:57:57.877+00:00,14795,1,1,0.013534546931041485,45,4.093822481190247,243
2025-04-25,0.1.0,2024-03-16T05:57:57.877+00:00,14850,1,1,0.020229265003371542,47,4.093822481190247,244
2025-04-25,0.1.0,2024-03-16T05:57:57.877+00:00,14850,1,1,0.020229265003371542,47,4.093822481190247,244
2025-04-26,0.1.0,2024-03-16T05:57:57.877+00:00,14882,1,1,0,47,4.093822481190247,246
2025-04-26,0.1.0,2024-03-16T05:57:57.877+00:00,14882,1,1,0,47,4.093822481190247,246
2025-04-27,0.1.0,2024-03-16T05:57:57.877+00:00,14910,1,1,0.006712310377231843,47,4.093822481190247,248
2025-04-27,0.1.0,2024-03-16T05:57:57.877+00:00,14910,1,1,0.006712310377231843,47,4.093822481190247,248
2025-04-28,0.1.0,2024-03-16T05:57:57.877+00:00,14953,1,1,0.006695681285570807,47,4.093822481190247,249
2025-04-28,0.1.0,2024-03-16T05:57:57.877+00:00,14953,1,1,0.006695681285570807,47,4.093822481190247,249
2025-04-29,0.1.0,2024-03-16T05:57:57.877+00:00,15000,1,1,0,47,4.093822481190247,251
2025-04-29,0.1.0,2024-03-16T05:57:57.877+00:00,15000,1,1,0,47,4.093822481190247,251
2025-04-30,0.1.0,2024-03-16T05:57:57.877+00:00,15047,1,1,0,47,4.093822481190247,252
2025-04-30,0.1.0,2024-03-16T05:57:57.877+00:00,15047,1,1,0,47,4.093822481190247,252
2025-05-01,0.1.0,2024-03-16T05:57:57.877+00:00,15087,1,1,0,47,4.093822481190247,253
2025-05-01,0.1.0,2024-03-16T05:57:57.877+00:00,15087,1,1,0,47,4.093822481190247,253
2025-05-02,0.1.0,2024-03-16T05:57:57.877+00:00,15130,1,1,0.006616819956328988,47,4.093822481190247,254
2025-05-02,0.1.0,2024-03-16T05:57:57.877+00:00,15130,1,1,0.006616819956328988,47,4.093822481190247,254
2025-05-03,0.1.0,2024-03-16T05:57:57.877+00:00,15175,1,1,0,47,4.093822481190247,257
2025-05-03,0.1.0,2024-03-16T05:57:57.877+00:00,15175,1,1,0,47,4.093822481190247,257
2025-05-04,0.1.0,2024-03-16T05:57:57.877+00:00,15198,1,1,0.006582845105654664,47,4.093822481190247,257
2025-05-04,0.1.0,2024-03-16T05:57:57.877+00:00,15198,1,1,0.006582845105654664,47,4.093822481190247,257
2025-05-05,0.1.0,2024-03-16T05:57:57.877+00:00,15236,1,1,0.006569438969911969,48,4.093822481190247,259
2025-05-05,0.1.0,2024-03-16T05:57:57.877+00:00,15236,1,1,0.006569438969911969,48,4.093822481190247,259
2025-05-06,0.1.0,2024-03-16T05:57:57.877+00:00,15278,1,1,0,48,4.093822481190247,261
2025-05-06,0.1.0,2024-03-16T05:57:57.877+00:00,15278,1,1,0,48,4.093822481190247,261
2025-05-07,0.1.0,2024-03-16T05:57:57.877+00:00,15310,1,1,0,49,4.093822481190247,263
2025-05-07,0.1.0,2024-03-16T05:57:57.877+00:00,15310,1,1,0,49,4.093822481190247,263
2025-05-08,0.1.0,2024-03-16T05:57:57.877+00:00,15368,1,1,0.019551616266944735,49,4.093822481190247,264
2025-05-08,0.1.0,2024-03-16T05:57:57.877+00:00,15368,1,1,0.019551616266944735,49,4.093822481190247,264
2025-05-09,0.1.0,2024-03-16T05:57:57.877+00:00,15406,1,1,0,49,4.093822481190247,264
2025-05-09,0.1.0,2024-03-16T05:57:57.877+00:00,15406,1,1,0,49,4.093822481190247,264
2025-05-10,0.1.0,2024-03-16T05:57:57.877+00:00,15449,1,1,0.019433827816285547,49,4.093822481190247,265
2025-05-10,0.1.0,2024-03-16T05:57:57.877+00:00,15449,1,1,0.019433827816285547,49,4.093822481190247,265
2025-05-11,0.1.0,2024-03-16T05:57:57.877+00:00,15484,1,1,0.01939362596160062,49,4.093822481190247,265
2025-05-11,0.1.0,2024-03-16T05:57:57.877+00:00,15484,1,1,0.01939362596160062,49,4.093822481190247,265
2025-05-12,0.1.0,2024-03-16T05:57:57.877+00:00,15525,1,1,0.012899896800825593,49,4.093822481190247,265
2025-05-12,0.1.0,2024-03-16T05:57:57.877+00:00,15525,1,1,0.012899896800825593,49,4.093822481190247,265
2025-05-13,0.1.0,2024-03-16T05:57:57.877+00:00,15559,1,1,0.006432109088570143,50,4.093822481190247,266
2025-05-13,0.1.0,2024-03-16T05:57:57.877+00:00,15559,1,1,0.006432109088570143,50,4.093822481190247,266
2025-05-14,0.1.0,2024-03-16T05:57:57.877+00:00,15613,1,1,0.0064139567699313706,51,4.093822481190247,268
2025-05-14,0.1.0,2024-03-16T05:57:57.877+00:00,15613,1,1,0.0064139567699313706,51,4.093822481190247,268
2025-05-15,0.1.0,2024-03-16T05:57:57.877+00:00,15659,1,1,0.006396315722144046,51,4.093822481190247,268
2025-05-15,0.1.0,2024-03-16T05:57:57.877+00:00,15659,1,1,0.006396315722144046,51,4.093822481190247,268
2025-05-16,0.1.0,2024-03-16T05:57:57.877+00:00,15701,1,1,0.006374298827129016,52,4.093822481190247,268
2025-05-16,0.1.0,2024-03-16T05:57:57.877+00:00,15701,1,1,0.006374298827129016,52,4.093822481190247,268
2025-05-17,0.1.0,2024-03-16T05:57:57.877+00:00,15740,1,1,0,52,4.093822481190247,270
2025-05-17,0.1.0,2024-03-16T05:57:57.877+00:00,15740,1,1,0,52,4.093822481190247,270
2025-05-18,0.1.0,2024-03-16T05:57:57.877+00:00,15771,1,1,0,52,4.093822481190247,270
2025-05-18,0.1.0,2024-03-16T05:57:57.877+00:00,15771,1,1,0,52,4.093822481190247,270
2025-05-19,0.1.0,2024-03-16T05:57:57.877+00:00,15816,1,1,0.03165157941381275,52,4.093822481190247,270
2025-05-19,0.1.0,2024-03-16T05:57:57.877+00:00,15816,1,1,0.03165157941381275,52,4.093822481190247,270
2025-05-20,0.1.0,2024-03-16T05:57:57.877+00:00,15850,1,1,0.012627059789128103,52,4.093822481190247,270
2025-05-20,0.1.0,2024-03-16T05:57:57.877+00:00,15850,1,1,0.012627059789128103,52,4.093822481190247,270
2025-05-21,0.1.0,2024-03-16T05:57:57.877+00:00,15900,1,1,0.012595251590150514,52,4.093822481190247,271
2025-05-21,0.1.0,2024-03-16T05:57:57.877+00:00,15900,1,1,0.012595251590150514,52,4.093822481190247,271
2025-05-22,0.1.0,2024-03-16T05:57:57.877+00:00,15946,1,1,0.012554139727575167,52,4.093822481190247,272
2025-05-22,0.1.0,2024-03-16T05:57:57.877+00:00,15946,1,1,0.012554139727575167,52,4.093822481190247,272
2025-05-23,0.1.0,2024-03-16T05:57:57.877+00:00,16176,1,1,0.06228977201943441,53,4.093822481190247,274
2025-05-23,0.1.0,2024-03-16T05:57:57.877+00:00,16176,1,1,0.06228977201943441,53,4.093822481190247,274
2025-05-24,0.1.0,2024-03-16T05:57:57.877+00:00,16330,1,1,0.036845983787767135,54,4.093822481190247,276
2025-05-24,0.1.0,2024-03-16T05:57:57.877+00:00,16330,1,1,0.036845983787767135,54,4.093822481190247,276
2025-05-25,0.1.0,2024-03-16T05:57:57.877+00:00,16409,1,1,0.0061042607740202665,54,4.093822481190247,277
2025-05-25,0.1.0,2024-03-16T05:57:57.877+00:00,16409,1,1,0.0061042607740202665,54,4.093822481190247,277
2025-05-26,0.1.0,2024-03-16T05:57:57.877+00:00,16522,1,1,0.01213371352302372,56,4.093822481190247,278
2025-05-26,0.1.0,2024-03-16T05:57:57.877+00:00,16522,1,1,0.01213371352302372,56,4.093822481190247,278
2025-05-27,0.1.0,2024-03-16T05:57:57.877+00:00,16643,1,1,0.018083182640144666,56,4.093822481190247,279
2025-05-27,0.1.0,2024-03-16T05:57:57.877+00:00,16643,1,1,0.018083182640144666,56,4.093822481190247,279
2025-05-28,0.1.0,2024-03-16T05:57:57.877+00:00,16734,1,1,0.035930295227259115,59,4.093822481190247,281
2025-05-28,0.1.0,2024-03-16T05:57:57.877+00:00,16734,1,1,0.035930295227259115,59,4.093822481190247,281
2025-05-29,0.1.0,2024-03-16T05:57:57.877+00:00,16847,1,1,0.011903344839900012,61,4.093822481190247,283
2025-05-29,0.1.0,2024-03-16T05:57:57.877+00:00,16847,1,1,0.011903344839900012,61,4.093822481190247,283
2025-05-31,0.1.0,2024-03-16T05:57:57.877+00:00,17009,1,1,0.017666804075142806,61,4.093822481190247,285
2025-05-31,0.1.0,2024-03-16T05:57:57.877+00:00,17009,1,1,0.017666804075142806,61,4.093822481190247,285
2025-06-01,0.1.0,2024-03-16T05:57:57.877+00:00,17075,1,1,0.0058626956674679015,61,4.093822481190247,285
2025-06-01,0.1.0,2024-03-16T05:57:57.877+00:00,17075,1,1,0.0058626956674679015,61,4.093822481190247,285
2025-06-02,0.1.0,2024-03-16T05:57:57.877+00:00,17144,1,1,0,61,4.093822481190247,285
2025-06-02,0.1.0,2024-03-16T05:57:57.877+00:00,17144,1,1,0,61,4.093822481190247,285
2025-06-03,0.1.0,2024-03-16T05:57:57.877+00:00,17240,1,1,0.005811588307084326,61,4.093822481190247,286
2025-06-03,0.1.0,2024-03-16T05:57:57.877+00:00,17240,1,1,0.005811588307084326,61,4.093822481190247,286
2025-06-04,0.1.0,2024-03-16T05:57:57.877+00:00,17342,1,1,0.017342042892652756,61,4.093822481190247,287
2025-06-04,0.1.0,2024-03-16T05:57:57.877+00:00,17342,1,1,0.017342042892652756,61,4.093822481190247,287
2025-06-05,0.1.0,2024-03-16T05:57:57.877+00:00,17476,1,1,0.011485012059262662,63,4.093822481190247,288
2025-06-05,0.1.0,2024-03-16T05:57:57.877+00:00,17476,1,1,0.011485012059262662,63,4.093822481190247,288
2025-06-06,0.1.0,2024-03-16T05:57:57.877+00:00,17608,1,1,0.017094991167587895,63,4.093822481190247,289
2025-06-06,0.1.0,2024-03-16T05:57:57.877+00:00,17608,1,1,0.017094991167587895,63,4.093822481190247,289
2025-06-07,0.1.0,2024-03-16T05:57:57.877+00:00,17705,1,1,0.022635957218040858,63,4.093822481190247,291
2025-06-07,0.1.0,2024-03-16T05:57:57.877+00:00,17705,1,1,0.022635957218040858,63,4.093822481190247,291
2025-06-08,0.1.0,2024-03-16T05:57:57.877+00:00,17776,1,1,0.016901408450704224,63,4.093822481190247,291
2025-06-08,0.1.0,2024-03-16T05:57:57.877+00:00,17776,1,1,0.016901408450704224,63,4.093822481190247,291
2025-06-09,0.1.0,2024-03-16T05:57:57.877+00:00,17888,1,1,0.0224290680722216,63,4.093822481190247,292
2025-06-09,0.1.0,2024-03-16T05:57:57.877+00:00,17888,1,1,0.0224290680722216,63,4.093822481190247,292
2025-06-10,0.1.0,2024-03-16T05:57:57.877+00:00,18000,1,1,0.02228784755112275,63,4.093822481190247,294
2025-06-10,0.1.0,2024-03-16T05:57:57.877+00:00,18000,1,1,0.02228784755112275,63,4.093822481190247,294
2025-06-11,0.1.0,2024-03-16T05:57:57.877+00:00,18107,1,1,0.011070519207350825,63,4.093822481190247,296
2025-06-11,0.1.0,2024-03-16T05:57:57.877+00:00,18107,1,1,0.011070519207350825,63,4.093822481190247,296
2025-06-12,0.1.0,2024-03-16T05:57:57.877+00:00,18224,1,2,0.016508914813999558,63,3.83600394109106,298
2025-06-12,0.1.0,2024-03-16T05:57:57.877+00:00,18224,1,2,0.016508914813999558,63,3.83600394109106,298
2025-06-13,0.1.0,2024-03-16T05:57:57.877+00:00,18288,1,2,0,64,3.83600394109106,298
2025-06-13,0.1.0,2024-03-16T05:57:57.877+00:00,18288,1,2,0,64,3.83600394109106,298
2025-06-14,0.1.0,2024-03-16T05:57:57.877+00:00,18314,1,2,0.005462689828471539,64,3.83600394109106,301
2025-06-14,0.1.0,2024-03-16T05:57:57.877+00:00,18314,1,2,0.005462689828471539,64,3.83600394109106,301
2025-06-15,0.1.0,2024-03-16T05:57:57.877+00:00,18342,1,2,0,64,3.83600394109106,302
2025-06-15,0.1.0,2024-03-16T05:57:57.877+00:00,18342,1,2,0,64,3.83600394109106,302
2025-06-16,0.1.0,2024-03-16T05:57:57.877+00:00,18388,1,2,0.0163363101720758,64,3.83600394109106,303
2025-06-16,0.1.0,2024-03-16T05:57:57.877+00:00,18388,1,2,0.0163363101720758,64,3.83600394109106,303
2025-06-17,0.1.0,2024-03-16T05:57:57.877+00:00,18427,1,2,0.005431830526887561,64,3.83600394109106,305
2025-06-17,0.1.0,2024-03-16T05:57:57.877+00:00,18427,1,2,0.005431830526887561,64,3.83600394109106,305
2025-06-18,0.1.0,2024-03-16T05:57:57.877+00:00,18463,1,2,0.005420347986340723,64,3.83600394109106,306
2025-06-18,0.1.0,2024-03-16T05:57:57.877+00:00,18463,1,2,0.005420347986340723,64,3.83600394109106,306
2025-06-19,0.1.0,2024-03-16T05:57:57.877+00:00,18503,1,2,0.005409499080385156,64,3.83600394109106,307
2025-06-19,0.1.0,2024-03-16T05:57:57.877+00:00,18503,1,2,0.005409499080385156,64,3.83600394109106,307
2025-06-20,0.1.0,2024-03-16T05:57:57.877+00:00,18514,1,2,0,64,3.83600394109106,309
2025-06-20,0.1.0,2024-03-16T05:57:57.877+00:00,18514,1,2,0,64,3.83600394109106,309
2025-06-21,0.1.0,2024-03-16T05:57:57.877+00:00,18529,1,2,0,64,3.83600394109106,312
2025-06-21,0.1.0,2024-03-16T05:57:57.877+00:00,18529,1,2,0,64,3.83600394109106,312
2025-06-22,0.1.0,2024-03-16T05:57:57.877+00:00,18536,1,2,0,64,3.83600394109106,313
2025-06-22,0.1.0,2024-03-16T05:57:57.877+00:00,18536,1,2,0,64,3.83600394109106,313
2025-06-23,0.1.0,2024-03-16T05:57:57.877+00:00,18549,1,2,0,64,3.83600394109106,313
2025-06-23,0.1.0,2024-03-16T05:57:57.877+00:00,18549,1,2,0,64,3.83600394109106,313
2025-06-24,0.1.0,2024-03-16T05:57:57.877+00:00,18566,1,2,0.01077760413859999,64,3.83600394109106,313
2025-06-24,0.1.0,2024-03-16T05:57:57.877+00:00,18566,1,2,0.01077760413859999,64,3.83600394109106,313
2025-06-25,0.1.0,2024-03-16T05:57:57.877+00:00,18578,1,2,0,64,3.83600394109106,315
2025-06-25,0.1.0,2024-03-16T05:57:57.877+00:00,18578,1,2,0,64,3.83600394109106,315
2025-06-26,0.1.0,2024-03-16T05:57:57.877+00:00,18591,1,2,0.005381262444169402,64,3.83600394109106,317
2025-06-26,0.1.0,2024-03-16T05:57:57.877+00:00,18591,1,2,0.005381262444169402,64,3.83600394109106,317
2025-06-27,0.1.0,2024-03-16T05:57:57.877+00:00,18599,1,2,0,65,3.83600394109106,318
2025-06-27,0.1.0,2024-03-16T05:57:57.877+00:00,18599,1,2,0,65,3.83600394109106,318
2025-06-28,0.1.0,2024-03-16T05:57:57.877+00:00,18609,1,2,0.005374610340750295,66,3.83600394109106,320
2025-06-28,0.1.0,2024-03-16T05:57:57.877+00:00,18609,1,2,0.005374610340750295,66,3.83600394109106,320
2025-06-29,0.1.0,2024-03-16T05:57:57.877+00:00,18621,1,2,0.005371434710211097,66,3.83600394109106,320
2025-06-29,0.1.0,2024-03-16T05:57:57.877+00:00,18621,1,2,0.005371434710211097,66,3.83600394109106,320
2025-06-30,0.1.0,2024-03-16T05:57:57.877+00:00,18642,1,2,0,66,3.83600394109106,320
2025-06-30,0.1.0,2024-03-16T05:57:57.877+00:00,18642,1,2,0,66,3.83600394109106,320
2025-07-01,0.1.0,2024-03-16T05:57:57.877+00:00,18661,1,2,0,66,3.83600394109106,320
2025-07-01,0.1.0,2024-03-16T05:57:57.877+00:00,18661,1,2,0,66,3.83600394109106,320
2025-07-02,0.1.0,2024-03-16T05:57:57.877+00:00,18675,1,2,0.010712372790573112,66,3.83600394109106,320
2025-07-02,0.1.0,2024-03-16T05:57:57.877+00:00,18675,1,2,0.010712372790573112,66,3.83600394109106,320
2025-07-03,0.1.0,2024-03-16T05:57:57.877+00:00,18689,1,2,0,66,3.83600394109106,322
2025-07-03,0.1.0,2024-03-16T05:57:57.877+00:00,18689,1,2,0,66,3.83600394109106,322
2025-07-04,0.1.0,2024-03-16T05:57:57.877+00:00,18703,1,2,0,66,3.83600394109106,322
2025-07-04,0.1.0,2024-03-16T05:57:57.877+00:00,18703,1,2,0,66,3.83600394109106,322
2025-07-05,0.1.0,2024-03-16T05:57:57.877+00:00,18714,1,2,0,66,3.83600394109106,325
2025-07-05,0.1.0,2024-03-16T05:57:57.877+00:00,18714,1,2,0,66,3.83600394109106,325
2025-07-06,0.1.0,2024-03-16T05:57:57.877+00:00,18725,1,2,0,66,3.83600394109106,326
2025-07-06,0.1.0,2024-03-16T05:57:57.877+00:00,18725,1,2,0,66,3.83600394109106,326
2025-07-07,0.1.0,2024-03-16T05:57:57.877+00:00,18743,1,2,0,66,3.83600394109106,328
2025-07-07,0.1.0,2024-03-16T05:57:57.877+00:00,18743,1,2,0,66,3.83600394109106,328
2025-07-08,0.1.0,2024-03-16T05:57:57.877+00:00,18758,1,2,0,66,3.83600394109106,329
2025-07-08,0.1.0,2024-03-16T05:57:57.877+00:00,18758,1,2,0,66,3.83600394109106,329
2025-07-09,0.1.0,2024-03-16T05:57:57.877+00:00,18775,1,2,0.005328502158043374,67,3.83600394109106,329
2025-07-09,0.1.0,2024-03-16T05:57:57.877+00:00,18775,1,2,0.005328502158043374,67,3.83600394109106,329
2025-07-10,0.1.0,2024-03-16T05:57:57.877+00:00,18789,1,2,0,68,3.83600394109106,330
2025-07-10,0.1.0,2024-03-16T05:57:57.877+00:00,18789,1,2,0,68,3.83600394109106,330
2025-07-11,0.1.0,2024-03-16T05:57:57.877+00:00,18812,1,2,0,68,3.83600394109106,331
2025-07-11,0.1.0,2024-03-16T05:57:57.877+00:00,18812,1,2,0,68,3.83600394109106,331
2025-07-12,0.1.0,2024-03-16T05:57:57.877+00:00,18830,1,2,0,68,3.83600394109106,332
2025-07-12,0.1.0,2024-03-16T05:57:57.877+00:00,18830,1,2,0,68,3.83600394109106,332
2025-07-13,0.1.0,2024-03-16T05:57:57.877+00:00,18842,1,2,0.005308982798895732,68,3.83600394109106,333
2025-07-13,0.1.0,2024-03-16T05:57:57.877+00:00,18842,1,2,0.005308982798895732,68,3.83600394109106,333
2025-07-14,0.1.0,2024-03-16T05:57:57.877+00:00,18861,1,2,0,68,3.83600394109106,334
2025-07-14,0.1.0,2024-03-16T05:57:57.877+00:00,18861,1,2,0,68,3.83600394109106,334
2025-07-15,0.1.0,2024-03-16T05:57:57.877+00:00,18879,1,2,0,68,3.83600394109106,335
2025-07-15,0.1.0,2024-03-16T05:57:57.877+00:00,18879,1,2,0,68,3.83600394109106,335
2025-07-16,0.1.0,2024-03-16T05:57:57.877+00:00,18898,1,2,0,68,3.8813158415002684,337
2025-07-16,0.1.0,2024-03-16T05:57:57.877+00:00,18898,1,2,0,68,3.8813158415002684,337
2025-07-17,0.1.0,2024-03-16T05:57:57.877+00:00,18911,1,2,0.005289326139849783,68,3.8812463982876433,339
2025-07-17,0.1.0,2024-03-16T05:57:57.877+00:00,18911,1,2,0.005289326139849783,68,3.8812463982876433,339
2025-07-18,0.1.0,2024-03-16T05:57:57.877+00:00,18923,1,2,0.005285691632750146,69,3.8813560318098372,339
2025-07-18,0.1.0,2024-03-16T05:57:57.877+00:00,18923,1,2,0.005285691632750146,69,3.8813560318098372,339
2025-07-19,0.1.0,2024-03-16T05:57:57.877+00:00,18934,1,2,0.005282062117050497,69,3.8814387691324437,341
2025-07-19,0.1.0,2024-03-16T05:57:57.877+00:00,18934,1,2,0.005282062117050497,69,3.8814387691324437,341
2025-07-20,0.1.0,2024-03-16T05:57:57.877+00:00,18946,1,2,0.005279273571956499,69,3.8814924959420063,341
2025-07-20,0.1.0,2024-03-16T05:57:57.877+00:00,18946,1,2,0.005279273571956499,69,3.8814924959420063,341
2025-07-21,0.1.0,2024-03-16T05:57:57.877+00:00,18951,1,2,0,69,3.8815249018930933,341
2025-07-21,0.1.0,2024-03-16T05:57:57.877+00:00,18951,1,2,0,69,3.8815249018930933,341
2025-07-22,0.1.0,2024-03-16T05:57:57.877+00:00,18964,1,2,0.015821950319075996,69,3.88139581279632,341
2025-07-22,0.1.0,2024-03-16T05:57:57.877+00:00,18964,1,2,0.015821950319075996,69,3.88139581279632,341
2025-07-23,0.1.0,2024-03-16T05:57:57.877+00:00,18974,1,2,0,70,3.8814239263544614,342
2025-07-23,0.1.0,2024-03-16T05:57:57.877+00:00,18974,1,2,0,70,3.8814239263544614,342
2025-07-24,0.1.0,2024-03-16T05:57:57.877+00:00,18989,1,2,0,70,3.8812846902237763,342
2025-07-24,0.1.0,2024-03-16T05:57:57.877+00:00,18989,1,2,0,70,3.8812846902237763,342
2025-07-25,0.1.0,2024-03-16T05:57:57.877+00:00,18998,1,2,0,70,3.8814016425351885,343
2025-07-25,0.1.0,2024-03-16T05:57:57.877+00:00,18998,1,2,0,70,3.8814016425351885,343
2025-07-26,0.1.0,2024-03-16T05:57:57.877+00:00,19006,1,2,0,72,3.8811566504355244,346
2025-07-26,0.1.0,2024-03-16T05:57:57.877+00:00,19006,1,2,0,72,3.8811566504355244,346
2025-07-27,0.1.0,2024-03-16T05:57:57.877+00:00,19014,1,2,0.010519118497869878,72,3.8811211159184134,348
2025-07-27,0.1.0,2024-03-16T05:57:57.877+00:00,19014,1,2,0.010519118497869878,72,3.8811211159184134,348
2025-07-28,0.1.0,2024-03-16T05:57:57.877+00:00,19028,1,2,0,72,3.880911922967998,351
2025-07-28,0.1.0,2024-03-16T05:57:57.877+00:00,19028,1,2,0,72,3.880911922967998,351
2025-07-30,0.1.0,2024-03-16T05:57:57.877+00:00,19062,1,2,0,73,3.880955554308482,353
2025-07-30,0.1.0,2024-03-16T05:57:57.877+00:00,19062,1,2,0,73,3.880955554308482,353
2025-07-31,0.1.0,2024-03-16T05:57:57.877+00:00,19065,1,2,0,73,3.8810475389145984,353
2025-07-31,0.1.0,2024-03-16T05:57:57.877+00:00,19065,1,2,0,73,3.8810475389145984,353
2025-08-01,0.1.0,2024-03-16T05:57:57.877+00:00,19077,1,2,0,73,3.8810755189901216,354
2025-08-01,0.1.0,2024-03-16T05:57:57.877+00:00,19077,1,2,0,73,3.8810755189901216,354
2025-08-02,0.1.0,2024-03-16T05:57:57.877+00:00,19089,1,2,0,73,3.8810632858193532,355
2025-08-02,0.1.0,2024-03-16T05:57:57.877+00:00,19089,1,2,0,73,3.8810632858193532,355
2025-08-03,0.1.0,2024-03-16T05:57:57.877+00:00,19094,1,2,0,73,3.8810712643356187,356
2025-08-03,0.1.0,2024-03-16T05:57:57.877+00:00,19094,1,2,0,73,3.8810712643356187,356
2025-08-04,0.1.0,2024-03-16T05:57:57.877+00:00,19105,1,2,0,73,3.8810118930928574,356
2025-08-04,0.1.0,2024-03-16T05:57:57.877+00:00,19105,1,2,0,73,3.8810118930928574,356
2025-08-05,0.1.0,2024-03-16T05:57:57.877+00:00,19112,1,2,0,73,3.880842244242899,362
2025-08-05,0.1.0,2024-03-16T05:57:57.877+00:00,19112,1,2,0,73,3.880842244242899,362
2025-08-06,0.1.0,2024-03-16T05:57:57.877+00:00,19125,1,2,0,73,3.8806857134862116,362
2025-08-06,0.1.0,2024-03-16T05:57:57.877+00:00,19125,1,2,0,73,3.8806857134862116,362
2025-08-07,0.1.0,2024-03-16T05:57:57.877+00:00,19134,1,2,0,73,3.8806502359727317,362
2025-08-07,0.1.0,2024-03-16T05:57:57.877+00:00,19134,1,2,0,73,3.8806502359727317,362
2025-08-08,0.1.0,2024-03-16T05:57:57.877+00:00,19145,1,2,0,73,3.880459721921347,362
2025-08-08,0.1.0,2024-03-16T05:57:57.877+00:00,19145,1,2,0,73,3.880459721921347,362
2025-08-09,0.1.0,2024-03-16T05:57:57.877+00:00,19158,1,2,0,73,3.880365312751022,364
2025-08-09,0.1.0,2024-03-16T05:57:57.877+00:00,19158,1,2,0,73,3.880365312751022,364
2025-08-10,0.1.0,2024-03-16T05:57:57.877+00:00,19170,1,2,0,73,3.8803056224759374,365
2025-08-10,0.1.0,2024-03-16T05:57:57.877+00:00,19170,1,2,0,73,3.8803056224759374,365
2025-08-11,0.1.0,2024-03-16T05:57:57.877+00:00,19175,1,2,0,73,3.880325263412636,366
2025-08-11,0.1.0,2024-03-16T05:57:57.877+00:00,19175,1,2,0,73,3.880325263412636,366
2025-08-12,0.1.0,2024-03-16T05:57:57.877+00:00,19184,1,2,0,73,3.8803044575468952,366
2025-08-12,0.1.0,2024-03-16T05:57:57.877+00:00,19184,1,2,0,73,3.8803044575468952,366
2025-08-13,0.1.0,2024-03-16T05:57:57.877+00:00,19200,1,2,0,73,3.880256642722644,367
2025-08-13,0.1.0,2024-03-16T05:57:57.877+00:00,19200,1,2,0,73,3.880256642722644,367
2025-08-14,0.1.0,2024-03-16T05:57:57.877+00:00,19216,1,2,0,73,3.880222527351256,368
2025-08-14,0.1.0,2024-03-16T05:57:57.877+00:00,19216,1,2,0,73,3.880222527351256,368
2025-08-15,0.1.0,2024-03-16T05:57:57.877+00:00,19227,1,2,0,73,3.880067665628694,370
2025-08-15,0.1.0,2024-03-16T05:57:57.877+00:00,19227,1,2,0,73,3.880067665628694,370
2025-08-16,0.1.0,2024-03-16T05:57:57.877+00:00,19238,1,2,0,73,3.8800429433611883,374
2025-08-16,0.1.0,2024-03-16T05:57:57.877+00:00,19238,1,2,0,73,3.8800429433611883,374
2025-08-17,0.1.0,2024-03-16T05:57:57.877+00:00,19255,1,2,0.005194805194805195,73,3.8799777220829856,376
2025-08-17,0.1.0,2024-03-16T05:57:57.877+00:00,19255,1,2,0.005194805194805195,73,3.8799777220829856,376
2025-08-18,0.1.0,2024-03-16T05:57:57.877+00:00,19260,1,2,0,73,3.879949558930668,377
2025-08-18,0.1.0,2024-03-16T05:57:57.877+00:00,19260,1,2,0,73,3.879949558930668,377
2025-08-19,0.1.0,2024-03-16T05:57:57.877+00:00,19271,1,2,0.010379904504878556,73,3.8799931824189886,377
2025-08-19,0.1.0,2024-03-16T05:57:57.877+00:00,19271,1,2,0.010379904504878556,73,3.8799931824189886,377
2025-08-20,0.1.0,2024-03-16T05:57:57.877+00:00,19277,1,2,0.010376134889753566,73,3.8798514294985456,379
2025-08-20,0.1.0,2024-03-16T05:57:57.877+00:00,19277,1,2,0.010376134889753566,73,3.8798514294985456,379
2025-08-21,0.1.0,2024-03-16T05:57:57.877+00:00,19286,1,2,0,73,3.879788769427861,380
2025-08-21,0.1.0,2024-03-16T05:57:57.877+00:00,19286,1,2,0,73,3.879788769427861,380
2025-08-22,0.1.0,2024-03-16T05:57:57.877+00:00,19299,1,2,0,73,3.8796251913293367,381
2025-08-22,0.1.0,2024-03-16T05:57:57.877+00:00,19299,1,2,0,73,3.8796251913293367,381
2025-08-23,0.1.0,2024-03-16T05:57:57.877+00:00,19303,1,2,0,74,3.879618055555556,382
2025-08-23,0.1.0,2024-03-16T05:57:57.877+00:00,19303,1,2,0,74,3.879618055555556,382
2025-08-24,0.1.0,2024-03-16T05:57:57.877+00:00,19313,1,2,0,75,3.8795384120504397,382
2025-08-24,0.1.0,2024-03-16T05:57:57.877+00:00,19313,1,2,0,75,3.8795384120504397,382
2025-08-25,0.1.0,2024-03-16T05:57:57.877+00:00,19319,1,2,0,75,3.879623395823067,383
2025-08-25,0.1.0,2024-03-16T05:57:57.877+00:00,19319,1,2,0,75,3.879623395823067,383
2025-08-26,0.1.0,2024-03-16T05:57:57.877+00:00,19336,1,2,0,75,3.879557815578433,384
2025-08-26,0.1.0,2024-03-16T05:57:57.877+00:00,19336,1,2,0,75,3.879557815578433,384
2025-08-27,0.1.0,2024-03-16T05:57:57.877+00:00,19341,1,2,0,75,3.879596370058064,385
2025-08-27,0.1.0,2024-03-16T05:57:57.877+00:00,19341,1,2,0,75,3.879596370058064,385
2025-08-28,0.1.0,2024-03-16T05:57:57.877+00:00,19360,1,2,0,75,3.8797826513760407,386
2025-08-28,0.1.0,2024-03-16T05:57:57.877+00:00,19360,1,2,0,75,3.8797826513760407,386
2025-08-29,0.1.0,2024-03-16T05:57:57.877+00:00,19368,1,2,0,75,3.8797327368503667,387
2025-08-29,0.1.0,2024-03-16T05:57:57.877+00:00,19368,1,2,0,75,3.8797327368503667,387
2025-08-30,0.1.0,2024-03-16T05:57:57.877+00:00,19373,1,2,0,75,3.8796426404184574,389
2025-08-30,0.1.0,2024-03-16T05:57:57.877+00:00,19373,1,2,0,75,3.8796426404184574,389
2025-08-31,0.1.0,2024-03-16T05:57:57.877+00:00,19384,1,2,0.005159958720330237,75,3.879691208935702,390
2025-08-31,0.1.0,2024-03-16T05:57:57.877+00:00,19384,1,2,0.005159958720330237,75,3.879691208935702,390
2025-09-01,0.1.0,2024-03-16T05:57:57.877+00:00,19393,1,2,0,75,3.8795719754623863,391
2025-09-01,0.1.0,2024-03-16T05:57:57.877+00:00,19393,1,2,0,75,3.8795719754623863,391
2025-09-02,0.1.0,2024-03-16T05:57:57.877+00:00,19405,1,2,0,75,3.8795124481327803,391
2025-09-02,0.1.0,2024-03-16T05:57:57.877+00:00,19405,1,2,0,75,3.8795124481327803,391
2025-09-03,0.1.0,2024-03-16T05:57:57.877+00:00,19419,1,2,0,75,3.8796598413729857,393
2025-09-03,0.1.0,2024-03-16T05:57:57.877+00:00,19419,1,2,0,75,3.8796598413729857,393
2025-09-04,0.1.0,2024-03-16T05:57:57.877+00:00,19438,1,2,0.0051474751634323366,75,3.879658998509673,394
2025-09-04,0.1.0,2024-03-16T05:57:57.877+00:00,19438,1,2,0.0051474751634323366,75,3.879658998509673,394
2025-09-05,0.1.0,2024-03-16T05:57:57.877+00:00,19454,1,2,0,76,3.8796397989468425,395
2025-09-05,0.1.0,2024-03-16T05:57:57.877+00:00,19454,1,2,0,76,3.8796397989468425,395
2025-09-06,0.1.0,2024-03-16T05:57:57.877+00:00,19462,1,2,0,77,3.8797216333726925,397
2025-09-06,0.1.0,2024-03-16T05:57:57.877+00:00,19462,1,2,0,77,3.8797216333726925,397
2025-09-07,0.1.0,2024-03-16T05:57:57.877+00:00,19468,1,2,0,77,3.8797198195026428,399
2025-09-07,0.1.0,2024-03-16T05:57:57.877+00:00,19468,1,2,0,77,3.8797198195026428,399
2025-09-08,0.1.0,2024-03-16T05:57:57.877+00:00,19472,1,2,0,77,3.8796652242229324,399
2025-09-08,0.1.0,2024-03-16T05:57:57.877+00:00,19472,1,2,0,77,3.8796652242229324,399
2025-09-09,0.1.0,2024-03-16T05:57:57.877+00:00,19480,1,2,0,77,3.879745889387145,400
2025-09-09,0.1.0,2024-03-16T05:57:57.877+00:00,19480,1,2,0,77,3.879745889387145,400
2025-09-10,0.1.0,2024-03-16T05:57:57.877+00:00,19488,1,2,0,77,3.879759565102461,400
2025-09-10,0.1.0,2024-03-16T05:57:57.877+00:00,19488,1,2,0,77,3.879759565102461,400
2025-09-11,0.1.0,2024-03-16T05:57:57.877+00:00,19502,1,2,0,77,3.8797006647044907,401
2025-09-11,0.1.0,2024-03-16T05:57:57.877+00:00,19502,1,2,0,77,3.8797006647044907,401
2025-09-12,0.1.0,2024-03-16T05:57:57.877+00:00,19509,1,2,0,77,3.879407760459355,403
2025-09-12,0.1.0,2024-03-16T05:57:57.877+00:00,19509,1,2,0,77,3.879407760459355,403
2025-09-13,0.1.0,2024-03-16T05:57:57.877+00:00,19519,1,2,0.01025010250102501,77,3.8793573865891973,405
2025-09-13,0.1.0,2024-03-16T05:57:57.877+00:00,19519,1,2,0.01025010250102501,77,3.8793573865891973,405
2025-09-14,0.1.0,2024-03-16T05:57:57.877+00:00,19535,1,2,0.005121114354483536,77,3.878535773710482,407
2025-09-14,0.1.0,2024-03-16T05:57:57.877+00:00,19535,1,2,0.005121114354483536,77,3.878535773710482,407
2025-09-15,0.1.0,2024-03-16T05:57:57.877+00:00,19552,1,2,0,77,3.8792726221928664,407
2025-09-15,0.1.0,2024-03-16T05:57:57.877+00:00,19552,1,2,0,77,3.8792726221928664,407
2025-09-16,0.1.0,2024-03-16T05:57:57.877+00:00,19560,1,2,0,78,3.879224428796714,407
2025-09-16,0.1.0,2024-03-16T05:57:57.877+00:00,19560,1,2,0,78,3.879224428796714,407
2025-09-17,0.1.0,2024-03-16T05:57:57.877+00:00,19566,1,2,0,78,3.8792153816897956,407
2025-09-17,0.1.0,2024-03-16T05:57:57.877+00:00,19566,1,2,0,78,3.8792153816897956,407
2025-09-18,0.1.0,2024-03-16T05:57:57.877+00:00,19577,1,2,0,78,3.8791912571309486,409
2025-09-18,0.1.0,2024-03-16T05:57:57.877+00:00,19577,1,2,0,78,3.8791912571309486,409
2025-09-19,0.1.0,2024-03-16T05:57:57.877+00:00,19581,1,2,0,78,3.879150011675664,409
2025-09-19,0.1.0,2024-03-16T05:57:57.877+00:00,19581,1,2,0,78,3.879150011675664,409
2025-09-20,0.1.0,2024-03-16T05:57:57.877+00:00,19585,1,2,0,79,3.879160315476762,409
2025-09-20,0.1.0,2024-03-16T05:57:57.877+00:00,19585,1,2,0,79,3.879160315476762,409
2025-09-21,0.1.0,2024-03-16T05:57:57.877+00:00,19590,1,2,0,79,3.8792709741928255,409
2025-09-21,0.1.0,2024-03-16T05:57:57.877+00:00,19590,1,2,0,79,3.8792709741928255,409
2025-09-22,0.1.0,2024-03-16T05:57:57.877+00:00,19599,1,2,0,79,3.8792880214481134,409
2025-09-22,0.1.0,2024-03-16T05:57:57.877+00:00,19599,1,2,0,79,3.8792880214481134,409
2025-09-23,0.1.0,2024-03-16T05:57:57.877+00:00,19613,1,2,0,79,3.879358567112843,409
2025-09-23,0.1.0,2024-03-16T05:57:57.877+00:00,19613,1,2,0,79,3.879358567112843,409
2025-09-24,0.1.0,2024-03-16T05:57:57.877+00:00,19626,1,2,0,79,3.8793416766672384,409
2025-09-24,0.1.0,2024-03-16T05:57:57.877+00:00,19626,1,2,0,79,3.8793416766672384,409
2025-09-25,0.1.0,2024-03-16T05:57:57.877+00:00,19640,1,2,0.005094243504839531,79,3.879113974662143,409
2025-09-25,0.1.0,2024-03-16T05:57:57.877+00:00,19640,1,2,0.005094243504839531,79,3.879113974662143,409
2025-09-26,0.1.0,2024-03-16T05:57:57.877+00:00,19652,1,2,0,79,3.8788672859804887,409
2025-09-26,0.1.0,2024-03-16T05:57:57.877+00:00,19652,1,2,0,79,3.8788672859804887,409
2025-09-27,0.1.0,2024-03-16T05:57:57.877+00:00,19660,1,2,0,79,3.878742227943795,409
2025-09-27,0.1.0,2024-03-16T05:57:57.877+00:00,19660,1,2,0,79,3.878742227943795,409
2025-09-28,0.1.0,2024-03-16T05:57:57.877+00:00,19666,1,2,0,79,3.878754170032356,409
2025-09-28,0.1.0,2024-03-16T05:57:57.877+00:00,19666,1,2,0,79,3.878754170032356,409
2025-09-29,0.1.0,2024-03-16T05:57:57.877+00:00,19677,1,2,0,79,3.878712696229071,409
2025-09-29,0.1.0,2024-03-16T05:57:57.877+00:00,19677,1,2,0,79,3.878712696229071,409
2025-09-30,0.1.0,2024-03-16T05:57:57.877+00:00,19697,1,2,0,79,3.878613731781684,409
2025-09-30,0.1.0,2024-03-16T05:57:57.877+00:00,19697,1,2,0,79,3.878613731781684,409
2025-10-01,0.1.0,2024-03-16T05:57:57.877+00:00,19708,1,2,0,79,3.8781952659350174,409
2025-10-01,0.1.0,2024-03-16T05:57:57.877+00:00,19708,1,2,0,79,3.8781952659350174,409
2025-10-02,0.1.0,2024-03-16T05:57:57.877+00:00,19714,1,2,0,79,3.8780101610735196,409
2025-10-02,0.1.0,2024-03-16T05:57:57.877+00:00,19714,1,2,0,79,3.8780101610735196,409
2025-10-03,0.1.0,2024-03-16T05:57:57.877+00:00,19724,1,2,0,79,3.8778299964251475,409
2025-10-03,0.1.0,2024-03-16T05:57:57.877+00:00,19724,1,2,0,79,3.8778299964251475,409
2025-10-04,0.1.0,2024-03-16T05:57:57.877+00:00,19727,1,2,0,79,3.877606478130846,409
2025-10-04,0.1.0,2024-03-16T05:57:57.877+00:00,19727,1,2,0,79,3.877606478130846,409
2025-10-05,0.1.0,2024-03-16T05:57:57.877+00:00,19733,1,2,0,79,3.877515385227906,410
2025-10-05,0.1.0,2024-03-16T05:57:57.877+00:00,19733,1,2,0,79,3.877515385227906,410
2025-10-06,0.1.0,2024-03-16T05:57:57.877+00:00,19738,1,2,0,79,3.8775038608414016,410
2025-10-06,0.1.0,2024-03-16T05:57:57.877+00:00,19738,1,2,0,79,3.8775038608414016,410
2025-10-07,0.1.0,2024-03-16T05:57:57.877+00:00,19745,1,2,0,79,3.8772852423533477,410
2025-10-07,0.1.0,2024-03-16T05:57:57.877+00:00,19745,1,2,0,79,3.8772852423533477,410
2025-10-08,0.1.0,2024-03-16T05:57:57.877+00:00,19752,1,2,0,79,3.877158772474074,410
2025-10-08,0.1.0,2024-03-16T05:57:57.877+00:00,19752,1,2,0,79,3.877158772474074,410
2025-10-09,0.1.0,2024-03-16T05:57:57.877+00:00,19759,1,2,0,79,3.8771304462407365,410
2025-10-09,0.1.0,2024-03-16T05:57:57.877+00:00,19759,1,2,0,79,3.8771304462407365,410
2025-10-10,0.1.0,2024-03-16T05:57:57.877+00:00,19764,1,2,0,79,3.876845998746628,410
2025-10-10,0.1.0,2024-03-16T05:57:57.877+00:00,19764,1,2,0,79,3.876845998746628,410
2025-10-11,0.1.0,2024-03-16T05:57:57.877+00:00,19770,1,2,0,79,3.8767452838753016,411
2025-10-11,0.1.0,2024-03-16T05:57:57.877+00:00,19770,1,2,0,79,3.8767452838753016,411
2025-10-12,0.1.0,2024-03-16T05:57:57.877+00:00,19784,1,2,0,79,3.8766604276558336,411
2025-10-12,0.1.0,2024-03-16T05:57:57.877+00:00,19784,1,2,0,79,3.8766604276558336,411
2025-10-13,0.1.0,2024-03-16T05:57:57.877+00:00,19788,1,2,0.005053567818880129,80,3.8766875534358847,411
2025-10-13,0.1.0,2024-03-16T05:57:57.877+00:00,19788,1,2,0.005053567818880129,80,3.8766875534358847,411
2025-10-14,0.1.0,2024-03-16T05:57:57.877+00:00,19798,1,2,0,80,3.876477750418328,411
2025-10-14,0.1.0,2024-03-16T05:57:57.877+00:00,19798,1,2,0,80,3.876477750418328,411
2025-10-15,0.1.0,2024-03-16T05:57:57.877+00:00,19806,1,2,0,80,3.8763047922077334,411
2025-10-15,0.1.0,2024-03-16T05:57:57.877+00:00,19806,1,2,0,80,3.8763047922077334,411
2025-10-16,0.1.0,2024-03-16T05:57:57.877+00:00,19808,1,2,0,80,3.8766119312363503,411
2025-10-16,0.1.0,2024-03-16T05:57:57.877+00:00,19808,1,2,0,80,3.8766119312363503,411
2025-10-17,0.1.0,2024-03-16T05:57:57.877+00:00,19824,1,2,0,81,3.8766375669463407,413
2025-10-17,0.1.0,2024-03-16T05:57:57.877+00:00,19824,1,2,0,81,3.8766375669463407,413
2025-10-18,0.1.0,2024-03-16T05:57:57.877+00:00,19834,1,2,0,81,3.876611543119744,413
2025-10-18,0.1.0,2024-03-16T05:57:57.877+00:00,19834,1,2,0,81,3.876611543119744,413
2025-10-19,0.1.0,2024-03-16T05:57:57.877+00:00,19840,1,2,0,81,3.8765977766914705,413
2025-10-19,0.1.0,2024-03-16T05:57:57.877+00:00,19840,1,2,0,81,3.8765977766914705,413
2025-10-20,0.1.0,2024-03-16T05:57:57.877+00:00,19844,1,2,0,81,3.8765515478145973,413
2025-10-20,0.1.0,2024-03-16T05:57:57.877+00:00,19844,1,2,0,81,3.8765515478145973,413
2025-10-21,0.1.0,2024-03-16T05:57:57.877+00:00,19852,1,2,0,81,3.8764615419408823,413
2025-10-21,0.1.0,2024-03-16T05:57:57.877+00:00,19852,1,2,0,81,3.8764615419408823,413
2025-10-22,0.1.0,2024-03-16T05:57:57.877+00:00,19859,1,2,0,81,3.876399693440855,413
2025-10-22,0.1.0,2024-03-16T05:57:57.877+00:00,19859,1,2,0,81,3.876399693440855,413
2025-10-23,0.1.0,2024-03-16T05:57:57.877+00:00,19868,1,2,0.005034486230680159,81,3.8763838138689843,413
2025-10-23,0.1.0,2024-03-16T05:57:57.877+00:00,19868,1,2,0.005034486230680159,81,3.8763838138689843,413
2025-10-24,0.1.0,2024-03-16T05:57:57.877+00:00,19875,1,2,0,81,3.8765018398173057,413
2025-10-24,0.1.0,2024-03-16T05:57:57.877+00:00,19875,1,2,0,81,3.8765018398173057,413
2025-10-25,0.1.0,2024-03-16T05:57:57.877+00:00,19880,1,2,0,81,3.8765562133383913,413
2025-10-25,0.1.0,2024-03-16T05:57:57.877+00:00,19880,1,2,0,81,3.8765562133383913,413
2025-10-26,0.1.0,2024-03-16T05:57:57.877+00:00,19884,1,2,0,81,3.87649752631674,413
2025-10-26,0.1.0,2024-03-16T05:57:57.877+00:00,19884,1,2,0,81,3.87649752631674,413
2025-10-27,0.1.0,2024-03-16T05:57:57.877+00:00,19891,1,2,0,81,3.8764511003989965,413
2025-10-27,0.1.0,2024-03-16T05:57:57.877+00:00,19891,1,2,0,81,3.8764511003989965,413
2025-10-28,0.1.0,2024-03-16T05:57:57.877+00:00,19908,1,2,0,81,3.8765254942838383,413
2025-10-28,0.1.0,2024-03-16T05:57:57.877+00:00,19908,1,2,0,81,3.8765254942838383,413
2025-10-29,0.1.0,2024-03-16T05:57:57.877+00:00,19919,1,2,0,81,3.8766313002133717,413
2025-10-29,0.1.0,2024-03-16T05:57:57.877+00:00,19919,1,2,0,81,3.8766313002133717,413
2025-10-30,0.1.0,2024-03-16T05:57:57.877+00:00,19926,1,2,0,81,3.8766917140673507,413
2025-10-30,0.1.0,2024-03-16T05:57:57.877+00:00,19926,1,2,0,81,3.8766917140673507,413
2025-10-31,0.1.0,2024-03-16T05:57:57.877+00:00,19944,1,2,0.020063199077092843,81,3.876655918267096,413
2025-10-31,0.1.0,2024-03-16T05:57:57.877+00:00,19944,1,2,0.020063199077092843,81,3.876655918267096,413
2025-11-01,0.1.0,2024-03-16T05:57:57.877+00:00,19952,1,2,0,81,3.8768470964544757,413
2025-11-01,0.1.0,2024-03-16T05:57:57.877+00:00,19952,1,2,0,81,3.8768470964544757,413
2025-11-02,0.1.0,2024-03-16T05:57:57.877+00:00,19957,1,2,0,81,3.8769281001598777,413
2025-11-02,0.1.0,2024-03-16T05:57:57.877+00:00,19957,1,2,0,81,3.8769281001598777,413
2025-11-03,0.1.0,2024-03-16T05:57:57.877+00:00,19964,1,2,0,81,3.8769778294018735,413
2025-11-03,0.1.0,2024-03-16T05:57:57.877+00:00,19964,1,2,0,81,3.8769778294018735,413
2025-11-04,0.1.0,2024-03-16T05:57:57.877+00:00,19972,1,2,0,81,3.8771257096950587,413
2025-11-04,0.1.0,2024-03-16T05:57:57.877+00:00,19972,1,2,0,81,3.8771257096950587,413
2025-11-05,0.1.0,2024-03-16T05:57:57.877+00:00,19982,1,2,0,81,3.877235190771522,413
2025-11-05,0.1.0,2024-03-16T05:57:57.877+00:00,19982,1,2,0,81,3.877235190771522,413
2025-11-06,0.1.0,2024-03-16T05:57:57.877+00:00,19990,1,2,0.010007004903432403,81,3.8772444654321405,413
2025-11-06,0.1.0,2024-03-16T05:57:57.877+00:00,19990,1,2,0.010007004903432403,81,3.8772444654321405,413
2025-11-07,0.1.0,2024-03-16T05:57:57.877+00:00,20004,1,2,0,81,3.8772717669323336,413
2025-11-07,0.1.0,2024-03-16T05:57:57.877+00:00,20004,1,2,0,81,3.8772717669323336,413
2025-11-08,0.1.0,2024-03-16T05:57:57.877+00:00,20010,1,2,0,82,3.877214032296841,413
2025-11-08,0.1.0,2024-03-16T05:57:57.877+00:00,20010,1,2,0,82,3.877214032296841,413
2025-11-09,0.1.0,2024-03-16T05:57:57.877+00:00,20015,1,2,0,82,3.8771792089816763,413
2025-11-09,0.1.0,2024-03-16T05:57:57.877+00:00,20015,1,2,0,82,3.8771792089816763,413
2025-11-10,0.1.0,2024-03-16T05:57:57.877+00:00,20017,1,2,0,82,3.8772343483337823,413
2025-11-10,0.1.0,2024-03-16T05:57:57.877+00:00,20017,1,2,0,82,3.8772343483337823,413
2025-11-11,0.1.0,2024-03-16T05:57:57.877+00:00,20024,1,2,0.004995254508217193,82,3.8772385262203306,413
2025-11-11,0.1.0,2024-03-16T05:57:57.877+00:00,20024,1,2,0.004995254508217193,82,3.8772385262203306,413
2025-11-12,0.1.0,2024-03-16T05:57:57.877+00:00,20033,1,2,0.004993009786299181,82,3.877287688383019,413
2025-11-12,0.1.0,2024-03-16T05:57:57.877+00:00,20033,1,2,0.004993009786299181,82,3.877287688383019,413
2025-11-13,0.1.0,2024-03-16T05:57:57.877+00:00,20041,1,2,0.00499026897549778,83,3.877255548452938,413
2025-11-13,0.1.0,2024-03-16T05:57:57.877+00:00,20041,1,2,0.00499026897549778,83,3.877255548452938,413
2025-11-14,0.1.0,2024-03-16T05:57:57.877+00:00,20047,1,2,0,83,3.877277588329062,413
2025-11-14,0.1.0,2024-03-16T05:57:57.877+00:00,20047,1,2,0,83,3.877277588329062,413
2025-11-15,0.1.0,2024-03-16T05:57:57.877+00:00,20051,1,2,0,83,3.8773525707396006,413
2025-11-15,0.1.0,2024-03-16T05:57:57.877+00:00,20051,1,2,0,83,3.8773525707396006,413
2025-11-16,0.1.0,2024-03-16T05:57:57.877+00:00,20064,1,2,0.004985293384515679,83,3.8772536525583035,413
2025-11-16,0.1.0,2024-03-16T05:57:57.877+00:00,20064,1,2,0.004985293384515679,83,3.8772536525583035,413
2025-11-17,0.1.0,2024-03-16T05:57:57.877+00:00,20069,1,2,0,83,3.877229587916826,413
2025-11-17,0.1.0,2024-03-16T05:57:57.877+00:00,20069,1,2,0,83,3.877229587916826,413
2025-11-18,0.1.0,2024-03-16T05:57:57.877+00:00,20081,1,2,0.0049800796812749,83,3.8772792907753786,413
2025-11-18,0.1.0,2024-03-16T05:57:57.877+00:00,20081,1,2,0.0049800796812749,83,3.8772792907753786,413
2025-11-19,0.1.0,2024-03-16T05:57:57.877+00:00,20098,1,2,0,83,3.8771791428891125,414
2025-11-19,0.1.0,2024-03-16T05:57:57.877+00:00,20098,1,2,0,83,3.8771791428891125,414
2025-11-20,0.1.0,2024-03-16T05:57:57.877+00:00,20107,1,2,0,83,3.8770064959467443,414
2025-11-20,0.1.0,2024-03-16T05:57:57.877+00:00,20107,1,2,0,83,3.8770064959467443,414
2025-11-21,0.1.0,2024-03-16T05:57:57.877+00:00,20112,1,2,0,83,3.876921305302512,415
2025-11-21,0.1.0,2024-03-16T05:57:57.877+00:00,20112,1,2,0,83,3.876921305302512,415
2025-11-22,0.1.0,2024-03-16T05:57:57.877+00:00,20117,1,2,0.004971661529283087,83,3.876794686119902,415
2025-11-22,0.1.0,2024-03-16T05:57:57.877+00:00,20117,1,2,0.004971661529283087,83,3.876794686119902,415
2025-11-23,0.1.0,2024-03-16T05:57:57.877+00:00,20123,1,2,0,83,3.8767231941372304,415
2025-11-23,0.1.0,2024-03-16T05:57:57.877+00:00,20123,1,2,0,83,3.8767231941372304,415
2025-11-24,0.1.0,2024-03-16T05:57:57.877+00:00,20132,1,2,0.004967463116586359,83,3.876797464452753,415
2025-11-24,0.1.0,2024-03-16T05:57:57.877+00:00,20132,1,2,0.004967463116586359,83,3.876797464452753,415
2025-11-25,0.1.0,2024-03-16T05:57:57.877+00:00,20137,1,2,0,83,3.8767754841417617,415
2025-11-25,0.1.0,2024-03-16T05:57:57.877+00:00,20137,1,2,0,83,3.8767754841417617,415
2025-11-26,0.1.0,2024-03-16T05:57:57.877+00:00,20147,1,2,0,83,3.876905129938059,415
2025-11-26,0.1.0,2024-03-16T05:57:57.877+00:00,20147,1,2,0,83,3.876905129938059,415
2025-11-27,0.1.0,2024-03-16T05:57:57.877+00:00,20157,1,2,0.0049617941847772155,84,3.8768656300507165,417
2025-11-27,0.1.0,2024-03-16T05:57:57.877+00:00,20157,1,2,0.0049617941847772155,84,3.8768656300507165,417
2025-11-28,0.1.0,2024-03-16T05:57:57.877+00:00,20159,1,2,0,84,3.877098301308828,417
2025-11-28,0.1.0,2024-03-16T05:57:57.877+00:00,20159,1,2,0,84,3.877098301308828,417
2025-11-29,0.1.0,2024-03-16T05:57:57.877+00:00,20165,1,2,0.004959333465582225,84,3.8771637393692004,417
2025-11-29,0.1.0,2024-03-16T05:57:57.877+00:00,20165,1,2,0.004959333465582225,84,3.8771637393692004,417
2025-11-30,0.1.0,2024-03-16T05:57:57.877+00:00,20171,1,2,0.00495785820525533,84,3.8770925159164773,417
2025-11-30,0.1.0,2024-03-16T05:57:57.877+00:00,20171,1,2,0.00495785820525533,84,3.8770925159164773,417
2025-12-01,0.1.0,2024-03-16T05:57:57.877+00:00,20180,1,2,0,84,3.8771086482396404,417
2025-12-01,0.1.0,2024-03-16T05:57:57.877+00:00,20180,1,2,0,84,3.8771086482396404,417
2025-12-02,0.1.0,2024-03-16T05:57:57.877+00:00,20190,1,2,0,84,3.8770911194162663,417
2025-12-02,0.1.0,2024-03-16T05:57:57.877+00:00,20190,1,2,0,84,3.8770911194162663,417
2025-12-03,0.1.0,2024-03-16T05:57:57.877+00:00,20196,1,2,0,84,3.8771193788935876,418
2025-12-03,0.1.0,2024-03-16T05:57:57.877+00:00,20196,1,2,0,84,3.8771193788935876,418
2025-12-04,0.1.0,2024-03-16T05:57:57.877+00:00,20204,1,2,0,84,3.8770301624129933,418
2025-12-04,0.1.0,2024-03-16T05:57:57.877+00:00,20204,1,2,0,84,3.8770301624129933,418
2025-12-05,0.1.0,2024-03-16T05:57:57.877+00:00,20216,1,2,0,84,3.8772402090454583,418
2025-12-05,0.1.0,2024-03-16T05:57:57.877+00:00,20216,1,2,0,84,3.8772402090454583,418
2025-12-06,0.1.0,2024-03-16T05:57:57.877+00:00,20235,1,2,0.009886796183696674,84,3.877495533286724,418
2025-12-06,0.1.0,2024-03-16T05:57:57.877+00:00,20235,1,2,0.009886796183696674,84,3.877495533286724,418
2025-12-07,0.1.0,2024-03-16T05:57:57.877+00:00,20238,1,2,0,84,3.8775469680430943,418
2025-12-07,0.1.0,2024-03-16T05:57:57.877+00:00,20238,1,2,0,84,3.8775469680430943,418
2025-12-08,0.1.0,2024-03-16T05:57:57.877+00:00,20245,1,2,0.004940223298093073,84,3.8775146761055037,420
2025-12-08,0.1.0,2024-03-16T05:57:57.877+00:00,20245,1,2,0.004940223298093073,84,3.8775146761055037,420
2025-12-09,0.1.0,2024-03-16T05:57:57.877+00:00,20253,1,2,0,84,3.8776317860127185,420
2025-12-09,0.1.0,2024-03-16T05:57:57.877+00:00,20253,1,2,0,84,3.8776317860127185,420
2025-12-10,0.1.0,2024-03-16T05:57:57.877+00:00,20263,1,2,0.009872642906506073,84,3.8773449061151433,420
2025-12-10,0.1.0,2024-03-16T05:57:57.877+00:00,20263,1,2,0.009872642906506073,84,3.8773449061151433,420
2025-12-11,0.1.0,2024-03-16T05:57:57.877+00:00,20273,1,2,0,84,3.876567601970225,420
2025-12-11,0.1.0,2024-03-16T05:57:57.877+00:00,20273,1,2,0,84,3.876567601970225,420
2025-12-12,0.1.0,2024-03-16T05:57:57.877+00:00,20282,1,2,0,85,3.8763446212935797,420
2025-12-12,0.1.0,2024-03-16T05:57:57.877+00:00,20282,1,2,0,85,3.8763446212935797,420
2025-12-13,0.1.0,2024-03-16T05:57:57.877+00:00,20284,1,2,0,85,3.8760170690722564,420
2025-12-13,0.1.0,2024-03-16T05:57:57.877+00:00,20284,1,2,0,85,3.8760170690722564,420
2025-12-14,0.1.0,2024-03-16T05:57:57.877+00:00,20288,1,2,0,85,3.8759713823467004,420
2025-12-14,0.1.0,2024-03-16T05:57:57.877+00:00,20288,1,2,0,85,3.8759713823467004,420
2025-12-15,0.1.0,2024-03-16T05:57:57.877+00:00,20291,1,2,0,85,3.875984665186216,420
2025-12-15,0.1.0,2024-03-16T05:57:57.877+00:00,20291,1,2,0,85,3.875984665186216,420
2025-12-16,0.1.0,2024-03-16T05:57:57.877+00:00,20306,1,2,0,85,3.8759036064748247,420
2025-12-16,0.1.0,2024-03-16T05:57:57.877+00:00,20306,1,2,0,85,3.8759036064748247,420
2025-12-17,0.1.0,2024-03-16T05:57:57.877+00:00,20311,1,2,0,85,3.8759659892325726,420
2025-12-17,0.1.0,2024-03-16T05:57:57.877+00:00,20311,1,2,0,85,3.8759659892325726,420
2025-12-18,0.1.0,2024-03-16T05:57:57.877+00:00,20320,1,2,0.004922228785193936,85,3.8758152629581577,420
2025-12-18,0.1.0,2024-03-16T05:57:57.877+00:00,20320,1,2,0.004922228785193936,85,3.8758152629581577,420
2025-12-19,0.1.0,2024-03-16T05:57:57.877+00:00,20327,1,2,0,85,3.875837638669304,423
2025-12-19,0.1.0,2024-03-16T05:57:57.877+00:00,20327,1,2,0,85,3.875837638669304,423
2025-12-20,0.1.0,2024-03-16T05:57:57.877+00:00,20332,1,2,0,85,3.8759028921202345,425
2025-12-20,0.1.0,2024-03-16T05:57:57.877+00:00,20332,1,2,0,85,3.8759028921202345,425
2025-12-21,0.1.0,2024-03-16T05:57:57.877+00:00,20335,1,2,0,85,3.8758671144370695,425
2025-12-21,0.1.0,2024-03-16T05:57:57.877+00:00,20335,1,2,0,85,3.8758671144370695,425
2025-12-22,0.1.0,2024-03-16T05:57:57.877+00:00,20340,1,2,0.004916420845624386,85,3.8758572753569545,425
2025-12-22,0.1.0,2024-03-16T05:57:57.877+00:00,20340,1,2,0.004916420845624386,85,3.8758572753569545,425
2025-12-23,0.1.0,2024-03-16T05:57:57.877+00:00,20344,1,2,0,85,3.875851969301578,425
2025-12-23,0.1.0,2024-03-16T05:57:57.877+00:00,20344,1,2,0,85,3.875851969301578,425
2025-12-24,0.1.0,2024-03-16T05:57:57.877+00:00,20347,1,2,0,85,3.8759787444335116,425
2025-12-24,0.1.0,2024-03-16T05:57:57.877+00:00,20347,1,2,0,85,3.8759787444335116,425
2025-12-25,0.1.0,2024-03-16T05:57:57.877+00:00,20350,1,2,0,85,3.8760557088598127,426
2025-12-25,0.1.0,2024-03-16T05:57:57.877+00:00,20350,1,2,0,85,3.8760557088598127,426
2025-12-26,0.1.0,2024-03-16T05:57:57.877+00:00,20358,1,2,0,85,3.876121087330971,427
2025-12-26,0.1.0,2024-03-16T05:57:57.877+00:00,20358,1,2,0,85,3.876121087330971,427
2025-12-27,0.1.0,2024-03-16T05:57:57.877+00:00,20364,1,2,0,85,3.876066684261459,427
2025-12-27,0.1.0,2024-03-16T05:57:57.877+00:00,20364,1,2,0,85,3.876066684261459,427
2025-12-28,0.1.0,2024-03-16T05:57:57.877+00:00,20368,1,2,0,85,3.8759580755379077,427
2025-12-28,0.1.0,2024-03-16T05:57:57.877+00:00,20368,1,2,0,85,3.8759580755379077,427
2025-12-29,0.1.0,2024-03-16T05:57:57.877+00:00,20373,1,2,0,85,3.875996492084111,427
2025-12-29,0.1.0,2024-03-16T05:57:57.877+00:00,20373,1,2,0,85,3.875996492084111,427
2025-12-30,0.1.0,2024-03-16T05:57:57.877+00:00,20382,1,2,0,85,3.8758503849804873,428
2025-12-30,0.1.0,2024-03-16T05:57:57.877+00:00,20382,1,2,0,85,3.8758503849804873,428
2025-12-31,0.1.0,2024-03-16T05:57:57.877+00:00,20385,1,2,0,85,3.8758176394874293,428
2025-12-31,0.1.0,2024-03-16T05:57:57.877+00:00,20385,1,2,0,85,3.8758176394874293,428
2026-01-01,0.1.0,2024-03-16T05:57:57.877+00:00,20393,1,2,0,85,3.8758895380879292,429
2026-01-01,0.1.0,2024-03-16T05:57:57.877+00:00,20393,1,2,0,85,3.8758895380879292,429
2026-01-02,0.1.0,2024-03-16T05:57:57.877+00:00,20399,1,2,0,85,3.873545641693468,429
2026-01-02,0.1.0,2024-03-16T05:57:57.877+00:00,20399,1,2,0,85,3.873545641693468,429
2026-01-03,0.1.0,2024-03-16T05:57:57.877+00:00,20409,1,2,0.004900759617740749,85,3.87587487407739,429
2026-01-03,0.1.0,2024-03-16T05:57:57.877+00:00,20409,1,2,0.004900759617740749,85,3.87587487407739,429
2026-01-04,0.1.0,2024-03-16T05:57:57.877+00:00,20417,1,2,0,85,3.875946776517968,429
2026-01-04,0.1.0,2024-03-16T05:57:57.877+00:00,20417,1,2,0,85,3.875946776517968,429
2026-01-05,0.1.0,2024-03-16T05:57:57.877+00:00,20421,1,2,0.00979431929480901,85,3.875985439075469,429
2026-01-05,0.1.0,2024-03-16T05:57:57.877+00:00,20421,1,2,0.00979431929480901,85,3.875985439075469,429
2026-01-06,0.1.0,2024-03-16T05:57:57.877+00:00,20438,1,2,0.009790004405501982,85,3.8760929078527173,429
2026-01-06,0.1.0,2024-03-16T05:57:57.877+00:00,20438,1,2,0.009790004405501982,85,3.8760929078527173,429
2026-01-07,0.1.0,2024-03-16T05:57:57.877+00:00,20449,1,2,0,85,3.876160526119779,429
2026-01-07,0.1.0,2024-03-16T05:57:57.877+00:00,20449,1,2,0,85,3.876160526119779,429
2026-01-08,0.1.0,2024-03-16T05:57:57.877+00:00,20456,1,2,0,85,3.876231261508012,429
2026-01-08,0.1.0,2024-03-16T05:57:57.877+00:00,20456,1,2,0,85,3.876231261508012,429
2026-01-09,0.1.0,2024-03-16T05:57:57.877+00:00,20463,1,2,0,85,3.8773174986844494,429
2026-01-09,0.1.0,2024-03-16T05:57:57.877+00:00,20463,1,2,0,85,3.8773174986844494,429
2026-01-10,0.1.0,2024-03-16T05:57:57.877+00:00,20466,1,2,0,85,3.8772802653399667,430
2026-01-10,0.1.0,2024-03-16T05:57:57.877+00:00,20466,1,2,0,85,3.8772802653399667,430
2026-01-11,0.1.0,2024-03-16T05:57:57.877+00:00,20474,1,2,0,85,3.8772108353838366,430
2026-01-11,0.1.0,2024-03-16T05:57:57.877+00:00,20474,1,2,0,85,3.8772108353838366,430
2026-01-12,0.1.0,2024-03-16T05:57:57.877+00:00,20480,1,2,0,85,3.877230000872372,430
2026-01-12,0.1.0,2024-03-16T05:57:57.877+00:00,20480,1,2,0,85,3.877230000872372,430
2026-01-13,0.1.0,2024-03-16T05:57:57.877+00:00,20491,1,2,0,85,3.8783244463345223,430
2026-01-13,0.1.0,2024-03-16T05:57:57.877+00:00,20491,1,2,0,85,3.8783244463345223,430
2026-01-14,0.1.0,2024-03-16T05:57:57.877+00:00,20496,1,2,0.009758477677482313,85,3.8783459761095123,430
2026-01-14,0.1.0,2024-03-16T05:57:57.877+00:00,20496,1,2,0.009758477677482313,85,3.8783459761095123,430
2026-01-15,0.1.0,2024-03-16T05:57:57.877+00:00,20502,1,2,0.00487757291971515,85,3.8782991138448932,430
2026-01-15,0.1.0,2024-03-16T05:57:57.877+00:00,20502,1,2,0.00487757291971515,85,3.8782991138448932,430
2026-01-16,0.1.0,2024-03-16T05:57:57.877+00:00,20510,1,2,0,85,3.8783199371434667,433
2026-01-16,0.1.0,2024-03-16T05:57:57.877+00:00,20510,1,2,0,85,3.8783199371434667,433
2026-01-17,0.1.0,2024-03-16T05:57:57.877+00:00,20517,1,2,0,85,3.8782455727839973,433
2026-01-17,0.1.0,2024-03-16T05:57:57.877+00:00,20517,1,2,0,85,3.8782455727839973,433
2026-01-18,0.1.0,2024-03-16T05:57:57.877+00:00,20529,1,2,0,85,3.878315463675186,433
2026-01-18,0.1.0,2024-03-16T05:57:57.877+00:00,20529,1,2,0,85,3.878315463675186,433
2026-01-19,0.1.0,2024-03-16T05:57:57.877+00:00,20539,1,2,0,85,3.8783576487483273,433
2026-01-19,0.1.0,2024-03-16T05:57:57.877+00:00,20539,1,2,0,85,3.8783576487483273,433
2026-01-20,0.1.0,2024-03-16T05:57:57.877+00:00,20545,1,2,0,85,3.878519461029004,433
2026-01-20,0.1.0,2024-03-16T05:57:57.877+00:00,20545,1,2,0,85,3.878519461029004,433
2026-01-21,0.1.0,2024-03-16T05:57:57.877+00:00,20556,1,2,0,86,3.8784859474949878,433
2026-01-21,0.1.0,2024-03-16T05:57:57.877+00:00,20556,1,2,0,86,3.8784859474949878,433
2026-01-22,0.1.0,2024-03-16T05:57:57.877+00:00,20574,1,2,0,86,3.8785621451981678,433
2026-01-22,0.1.0,2024-03-16T05:57:57.877+00:00,20574,1,2,0,86,3.8785621451981678,433
2026-01-23,0.1.0,2024-03-16T05:57:57.877+00:00,20584,1,2,0,86,3.8785583178564833,433
2026-01-23,0.1.0,2024-03-16T05:57:57.877+00:00,20584,1,2,0,86,3.8785583178564833,433
2026-01-24,0.1.0,2024-03-16T05:57:57.877+00:00,20593,1,2,0,86,3.8785080519074424,433
2026-01-24,0.1.0,2024-03-16T05:57:57.877+00:00,20593,1,2,0,86,3.8785080519074424,433
2026-01-25,0.1.0,2024-03-16T05:57:57.877+00:00,20600,1,2,0,86,3.8785342928158206,433
2026-01-25,0.1.0,2024-03-16T05:57:57.877+00:00,20600,1,2,0,86,3.8785342928158206,433
2026-01-26,0.1.0,2024-03-16T05:57:57.877+00:00,20604,1,2,0,86,3.878619226162579,433
2026-01-26,0.1.0,2024-03-16T05:57:57.877+00:00,20604,1,2,0,86,3.878619226162579,433
2026-01-27,0.1.0,2024-03-16T05:57:57.877+00:00,20613,1,2,0,86,3.8787504201771794,433
2026-01-27,0.1.0,2024-03-16T05:57:57.877+00:00,20613,1,2,0,86,3.8787504201771794,433
2026-01-28,0.1.0,2024-03-16T05:57:57.877+00:00,20624,1,2,0,86,3.8789110338026034,433
2026-01-28,0.1.0,2024-03-16T05:57:57.877+00:00,20624,1,2,0,86,3.8789110338026034,433
2026-01-29,0.1.0,2024-03-16T05:57:57.877+00:00,20629,1,2,0,86,3.8789454413889772,433
2026-01-29,0.1.0,2024-03-16T05:57:57.877+00:00,20629,1,2,0,86,3.8789454413889772,433
2026-01-30,0.1.0,2024-03-16T05:57:57.877+00:00,20638,1,2,0.004846370068818455,86,3.87895226957727,433
2026-01-30,0.1.0,2024-03-16T05:57:57.877+00:00,20638,1,2,0.004846370068818455,86,3.87895226957727,433
2026-01-31,0.1.0,2024-03-16T05:57:57.877+00:00,20640,1,2,0,86,3.8790225350710297,433
2026-01-31,0.1.0,2024-03-16T05:57:57.877+00:00,20640,1,2,0,86,3.8790225350710297,433
2026-02-01,0.1.0,2024-03-16T05:57:57.877+00:00,20648,1,2,0,86,3.878971332610535,434
2026-02-01,0.1.0,2024-03-16T05:57:57.877+00:00,20648,1,2,0,86,3.878971332610535,434
2026-02-02,0.1.0,2024-03-16T05:57:57.877+00:00,20658,1,2,0,86,3.879072051433479,434
2026-02-02,0.1.0,2024-03-16T05:57:57.877+00:00,20658,1,2,0,86,3.879072051433479,434
2026-02-03,0.1.0,2024-03-16T05:57:57.877+00:00,20666,1,2,0,86,3.879102347905046,434
2026-02-03,0.1.0,2024-03-16T05:57:57.877+00:00,20666,1,2,0,86,3.879102347905046,434
2026-02-04,0.1.0,2024-03-16T05:57:57.877+00:00,20676,1,2,0.004837227301310889,86,3.879059986989888,434
2026-02-04,0.1.0,2024-03-16T05:57:57.877+00:00,20676,1,2,0.004837227301310889,86,3.879059986989888,434
2026-02-05,0.1.0,2024-03-16T05:57:57.877+00:00,20685,1,2,0,86,3.8790677676808265,434
2026-02-05,0.1.0,2024-03-16T05:57:57.877+00:00,20685,1,2,0,86,3.8790677676808265,434
2026-02-06,0.1.0,2024-03-16T05:57:57.877+00:00,20696,1,2,0,86,3.879025447979906,434
2026-02-06,0.1.0,2024-03-16T05:57:57.877+00:00,20696,1,2,0,86,3.879025447979906,434
2026-02-07,0.1.0,2024-03-16T05:57:57.877+00:00,20701,1,2,0.004831151263346056,86,3.878990007576886,434
2026-02-07,0.1.0,2024-03-16T05:57:57.877+00:00,20701,1,2,0.004831151263346056,86,3.878990007576886,434
2026-02-08,0.1.0,2024-03-16T05:57:57.877+00:00,20710,1,2,0,86,3.878936976013984,434
2026-02-08,0.1.0,2024-03-16T05:57:57.877+00:00,20710,1,2,0,86,3.878936976013984,434
2026-02-09,0.1.0,2024-03-16T05:57:57.877+00:00,20721,1,2,0,86,3.878860930981072,434
2026-02-09,0.1.0,2024-03-16T05:57:57.877+00:00,20721,1,2,0,86,3.878860930981072,434
2026-02-10,0.1.0,2024-03-16T05:57:57.877+00:00,20734,1,2,0,86,3.878956422760021,434
2026-02-10,0.1.0,2024-03-16T05:57:57.877+00:00,20734,1,2,0,86,3.878956422760021,434
2026-02-11,0.1.0,2024-03-16T05:57:57.877+00:00,20750,1,2,0,86,3.878901006078706,434
2026-02-11,0.1.0,2024-03-16T05:57:57.877+00:00,20750,1,2,0,86,3.878901006078706,434
2026-02-12,0.1.0,2024-03-16T05:57:57.877+00:00,20754,1,2,0.004818812644564379,86,3.878949420281427,434
2026-02-12,0.1.0,2024-03-16T05:57:57.877+00:00,20754,1,2,0.004818812644564379,86,3.878949420281427,434
2026-02-13,0.1.0,2024-03-16T05:57:57.877+00:00,20757,1,2,0.004817651876475406,86,3.878887704679779,434
2026-02-13,0.1.0,2024-03-16T05:57:57.877+00:00,20757,1,2,0.004817651876475406,86,3.878887704679779,434
2026-02-14,0.1.0,2024-03-16T05:57:57.877+00:00,20761,1,2,0,86,3.878887174288746,434
2026-02-14,0.1.0,2024-03-16T05:57:57.877+00:00,20761,1,2,0,86,3.878887174288746,434
2026-02-15,0.1.0,2024-03-16T05:57:57.877+00:00,20767,1,2,0.004815563902532987,86,3.878932137016955,434
2026-02-15,0.1.0,2024-03-16T05:57:57.877+00:00,20767,1,2,0.004815563902532987,86,3.878932137016955,434
2026-02-16,0.1.0,2024-03-16T05:57:57.877+00:00,20776,1,2,0,86,3.878943338108574,435
2026-02-16,0.1.0,2024-03-16T05:57:57.877+00:00,20776,1,2,0,86,3.878943338108574,435
2026-02-17,0.1.0,2024-03-16T05:57:57.877+00:00,20778,1,2,0,86,3.8789828569708464,436
2026-02-17,0.1.0,2024-03-16T05:57:57.877+00:00,20778,1,2,0,86,3.8789828569708464,436
2026-02-18,0.1.0,2024-03-16T05:57:57.877+00:00,20782,1,2,0,86,3.8796620968592532,437
2026-02-18,0.1.0,2024-03-16T05:57:57.877+00:00,20782,1,2,0,86,3.8796620968592532,437
2026-02-19,0.1.0,2024-03-16T05:57:57.877+00:00,20785,1,2,0,86,3.8795825318340453,437
2026-02-19,0.1.0,2024-03-16T05:57:57.877+00:00,20785,1,2,0,86,3.8795825318340453,437
2026-02-20,0.1.0,2024-03-16T05:57:57.877+00:00,20794,1,2,0,86,3.879494294410566,437
2026-02-20,0.1.0,2024-03-16T05:57:57.877+00:00,20794,1,2,0,86,3.879494294410566,437
2026-02-21,0.1.0,2024-03-16T05:57:57.877+00:00,20802,1,2,0,86,3.879457949472272,437
2026-02-21,0.1.0,2024-03-16T05:57:57.877+00:00,20802,1,2,0,86,3.879457949472272,437
2026-02-22,0.1.0,2024-03-16T05:57:57.877+00:00,20811,1,2,0,86,3.8795481173347093,437
2026-02-22,0.1.0,2024-03-16T05:57:57.877+00:00,20811,1,2,0,86,3.8795481173347093,437
2026-02-23,0.1.0,2024-03-16T05:57:57.877+00:00,20819,1,2,0,86,3.879435550598212,437
2026-02-23,0.1.0,2024-03-16T05:57:57.877+00:00,20819,1,2,0,86,3.879435550598212,437
2026-02-24,0.1.0,2024-03-16T05:57:57.877+00:00,20822,1,2,0,86,3.879494301168121,437
2026-02-24,0.1.0,2024-03-16T05:57:57.877+00:00,20822,1,2,0,86,3.879494301168121,437
2026-02-25,0.1.0,2024-03-16T05:57:57.877+00:00,20827,1,2,0,86,3.87960846186045,437
2026-02-25,0.1.0,2024-03-16T05:57:57.877+00:00,20827,1,2,0,86,3.87960846186045,437
2026-02-26,0.1.0,2024-03-16T05:57:57.877+00:00,20837,1,2,0,86,3.8796041226850657,437
2026-02-26,0.1.0,2024-03-16T05:57:57.877+00:00,20837,1,2,0,86,3.8796041226850657,437
2026-02-27,0.1.0,2024-03-16T05:57:57.877+00:00,20852,1,2,0,86,3.8796617366074586,437
2026-02-27,0.1.0,2024-03-16T05:57:57.877+00:00,20852,1,2,0,86,3.8796617366074586,437
2026-02-28,0.1.0,2024-03-16T05:57:57.877+00:00,20863,1,2,0,86,3.8797171327547413,437
2026-02-28,0.1.0,2024-03-16T05:57:57.877+00:00,20863,1,2,0,86,3.8797171327547413,437
2026-03-01,0.1.0,2024-03-16T05:57:57.877+00:00,20869,1,2,0,86,3.8798631413242526,439
2026-03-01,0.1.0,2024-03-16T05:57:57.877+00:00,20869,1,2,0,86,3.8798631413242526,439
2026-03-02,0.1.0,2024-03-16T05:57:57.877+00:00,20874,1,2,0.0047913372622298885,86,3.879872917188507,439
2026-03-02,0.1.0,2024-03-16T05:57:57.877+00:00,20874,1,2,0.0047913372622298885,86,3.879872917188507,439
2026-03-03,0.1.0,2024-03-16T05:57:57.877+00:00,20885,1,2,0.004788584015706555,86,3.8799338268497774,439
2026-03-03,0.1.0,2024-03-16T05:57:57.877+00:00,20885,1,2,0.004788584015706555,86,3.8799338268497774,439
2026-03-04,0.1.0,2024-03-16T05:57:57.877+00:00,20898,1,2,0,86,3.8796935628082876,440
2026-03-04,0.1.0,2024-03-16T05:57:57.877+00:00,20898,1,2,0,86,3.8796935628082876,440
2026-03-05,0.1.0,2024-03-16T05:57:57.877+00:00,20905,1,2,0.004783773440489859,86,3.8796527911401872,440
2026-03-05,0.1.0,2024-03-16T05:57:57.877+00:00,20905,1,2,0.004783773440489859,86,3.8796527911401872,440
2026-03-06,0.1.0,2024-03-16T05:57:57.877+00:00,20914,1,2,0,86,3.8797027502863104,440
2026-03-06,0.1.0,2024-03-16T05:57:57.877+00:00,20914,1,2,0,86,3.8797027502863104,440
2026-03-07,0.1.0,2024-03-16T05:57:57.877+00:00,20923,1,2,0,86,3.879660886665428,440
2026-03-07,0.1.0,2024-03-16T05:57:57.877+00:00,20923,1,2,0,86,3.879660886665428,440
2026-03-08,0.1.0,2024-03-16T05:57:57.877+00:00,20932,1,2,0,86,3.8796241750548544,440
2026-03-08,0.1.0,2024-03-16T05:57:57.877+00:00,20932,1,2,0,86,3.8796241750548544,440
2026-03-09,0.1.0,2024-03-16T05:57:57.877+00:00,20946,1,2,0,86,3.8796882366619516,440
2026-03-09,0.1.0,2024-03-16T05:57:57.877+00:00,20946,1,2,0,86,3.8796882366619516,440
2026-03-10,0.1.0,2024-03-16T05:57:57.877+00:00,20951,1,2,0,86,3.8797724733713683,440
2026-03-10,0.1.0,2024-03-16T05:57:57.877+00:00,20951,1,2,0,86,3.8797724733713683,440
2026-03-11,0.1.0,2024-03-16T05:57:57.877+00:00,20961,1,2,0,86,3.8798137373995694,440
2026-03-11,0.1.0,2024-03-16T05:57:57.877+00:00,20961,1,2,0,86,3.8798137373995694,440
2026-03-12,0.1.0,2024-03-16T05:57:57.877+00:00,20975,1,2,0.004768717215069146,86,3.8798204415476536,440
2026-03-12,0.1.0,2024-03-16T05:57:57.877+00:00,20975,1,2,0.004768717215069146,86,3.8798204415476536,440
2026-03-13,0.1.0,2024-03-16T05:57:57.877+00:00,20992,1,2,0,86,3.8797318788281356,440
2026-03-13,0.1.0,2024-03-16T05:57:57.877+00:00,20992,1,2,0,86,3.8797318788281356,440
2026-03-14,0.1.0,2024-03-16T05:57:57.877+00:00,21003,1,2,0,86,3.8795137270922564,440
2026-03-14,0.1.0,2024-03-16T05:57:57.877+00:00,21003,1,2,0,86,3.8795137270922564,440
2026-03-15,0.1.0,2024-03-16T05:57:57.877+00:00,21009,1,2,0,86,3.8794366065370482,440
2026-03-15,0.1.0,2024-03-16T05:57:57.877+00:00,21009,1,2,0,86,3.8794366065370482,440
2026-03-16,0.1.0,2024-03-16T05:57:57.877+00:00,21013,1,2,0,86,3.8794571665497224,440
2026-03-16,0.1.0,2024-03-16T05:57:57.877+00:00,21013,1,2,0,86,3.8794571665497224,440
2026-03-17,0.1.0,2024-03-16T05:57:57.877+00:00,21024,1,2,0,86,3.8794867708001273,440
2026-03-17,0.1.0,2024-03-16T05:57:57.877+00:00,21024,1,2,0,86,3.8794867708001273,440
2026-03-18,0.1.0,2024-03-16T05:57:57.877+00:00,21029,1,2,0,86,3.8795336952643114,440
2026-03-18,0.1.0,2024-03-16T05:57:57.877+00:00,21029,1,2,0,86,3.8795336952643114,440
2026-03-19,0.1.0,2024-03-16T05:57:57.877+00:00,21038,1,2,0.004753755466818787,86,3.879441160985717,441
2026-03-19,0.1.0,2024-03-16T05:57:57.877+00:00,21038,1,2,0.004753755466818787,86,3.879441160985717,441
2026-03-20,0.1.0,2024-03-16T05:57:57.877+00:00,21046,1,2,0,86,3.8795294986283406,441
2026-03-20,0.1.0,2024-03-16T05:57:57.877+00:00,21046,1,2,0,86,3.8795294986283406,441
2026-03-21,0.1.0,2024-03-16T05:57:57.877+00:00,21054,1,2,0,86,3.8794463888005093,442
2026-03-21,0.1.0,2024-03-16T05:57:57.877+00:00,21054,1,2,0,86,3.8794463888005093,442
2026-03-22,0.1.0,2024-03-16T05:57:57.877+00:00,21058,1,2,0,87,3.8793768130693675,442
2026-03-22,0.1.0,2024-03-16T05:57:57.877+00:00,21058,1,2,0,87,3.8793768130693675,442
2026-03-23,0.1.0,2024-03-16T05:57:57.877+00:00,21066,1,2,0.004747661776575037,87,3.879416072628457,442
2026-03-23,0.1.0,2024-03-16T05:57:57.877+00:00,21066,1,2,0.004747661776575037,87,3.879416072628457,442
2026-03-24,0.1.0,2024-03-16T05:57:57.877+00:00,21080,1,2,0,87,3.879487554346444,442
2026-03-24,0.1.0,2024-03-16T05:57:57.877+00:00,21080,1,2,0,87,3.879487554346444,442
2026-03-27,0.1.0,2024-03-16T05:57:57.877+00:00,21114,1,2,0,87,3.879517014873607,442
2026-03-27,0.1.0,2024-03-16T05:57:57.877+00:00,21114,1,2,0,87,3.879517014873607,442
2026-03-28,0.1.0,2024-03-16T05:57:57.877+00:00,21120,1,2,0,87,3.8794688166040796,442
2026-03-28,0.1.0,2024-03-16T05:57:57.877+00:00,21120,1,2,0,87,3.8794688166040796,442
2026-03-29,0.1.0,2024-03-16T05:57:57.877+00:00,21126,1,2,0,87,3.8794176706827312,442
2026-03-29,0.1.0,2024-03-16T05:57:57.877+00:00,21126,1,2,0,87,3.8794176706827312,442
2026-03-30,0.1.0,2024-03-16T05:57:57.877+00:00,21135,1,2,0,87,3.8795882582839516,442
2026-03-30,0.1.0,2024-03-16T05:57:57.877+00:00,21135,1,2,0,87,3.8795882582839516,442
2026-03-31,0.1.0,2024-03-16T05:57:57.877+00:00,21140,1,2,0,87,3.8795448017773726,442
2026-03-31,0.1.0,2024-03-16T05:57:57.877+00:00,21140,1,2,0,87,3.8795448017773726,442
2026-04-01,0.1.0,2024-03-16T05:57:57.877+00:00,21146,1,2,0,87,3.879517525529481,442
2026-04-01,0.1.0,2024-03-16T05:57:57.877+00:00,21146,1,2,0,87,3.879517525529481,442
2026-04-02,0.1.0,2024-03-16T05:57:57.877+00:00,21154,1,2,0,87,3.879404951773373,442
2026-04-02,0.1.0,2024-03-16T05:57:57.877+00:00,21154,1,2,0,87,3.879404951773373,442
2026-04-03,0.1.0,2024-03-16T05:57:57.877+00:00,21161,1,2,0,87,3.8791530402036005,442
2026-04-03,0.1.0,2024-03-16T05:57:57.877+00:00,21161,1,2,0,87,3.8791530402036005,442
2026-04-04,0.1.0,2024-03-16T05:57:57.877+00:00,21171,1,2,0,87,3.8791322858377333,443
2026-04-04,0.1.0,2024-03-16T05:57:57.877+00:00,21171,1,2,0,87,3.8791322858377333,443
2026-04-05,0.1.0,2024-03-16T05:57:57.877+00:00,21174,1,2,0,87,3.879009575577537,443
2026-04-05,0.1.0,2024-03-16T05:57:57.877+00:00,21174,1,2,0,87,3.879009575577537,443
2026-04-06,0.1.0,2024-03-16T05:57:57.877+00:00,21179,1,2,0,87,3.879062626364739,444
2026-04-06,0.1.0,2024-03-16T05:57:57.877+00:00,21179,1,2,0,87,3.879062626364739,444
2026-04-07,0.1.0,2024-03-16T05:57:57.877+00:00,21188,1,2,0.004720320981826764,87,3.8790644116891704,446
2026-04-07,0.1.0,2024-03-16T05:57:57.877+00:00,21188,1,2,0.004720320981826764,87,3.8790644116891704,446
2026-04-08,0.1.0,2024-03-16T05:57:57.877+00:00,21197,1,2,0,87,3.879129768840246,447
2026-04-08,0.1.0,2024-03-16T05:57:57.877+00:00,21197,1,2,0,87,3.879129768840246,447
2026-04-09,0.1.0,2024-03-16T05:57:57.877+00:00,21212,1,2,0,87,3.879103768328045,450
2026-04-09,0.1.0,2024-03-16T05:57:57.877+00:00,21212,1,2,0,87,3.879103768328045,450
2026-04-10,0.1.0,2024-03-16T05:57:57.877+00:00,21224,1,2,0,87,3.8790004434720284,451
2026-04-10,0.1.0,2024-03-16T05:57:57.877+00:00,21224,1,2,0,87,3.8790004434720284,451
2026-04-11,0.1.0,2024-03-16T05:57:57.877+00:00,21232,1,2,0,87,3.8789578619404477,453
2026-04-11,0.1.0,2024-03-16T05:57:57.877+00:00,21232,1,2,0,87,3.8789578619404477,453
2026-04-12,0.1.0,2024-03-16T05:57:57.877+00:00,21236,1,2,0.009418412997409935,87,3.878976905175963,454
2026-04-12,0.1.0,2024-03-16T05:57:57.877+00:00,21236,1,2,0.009418412997409935,87,3.878976905175963,454
2026-04-13,0.1.0,2024-03-16T05:57:57.877+00:00,21244,1,2,0,87,3.8790178824507584,455
2026-04-13,0.1.0,2024-03-16T05:57:57.877+00:00,21244,1,2,0,87,3.8790178824507584,455
2026-04-16,0.1.0,2024-03-16T05:57:57.877+00:00,21278,1,2,0.004700131603684903,87,3.8790003731515377,458
2026-04-16,0.1.0,2024-03-16T05:57:57.877+00:00,21278,1,2,0.004700131603684903,87,3.8790003731515377,458
2026-04-17,0.1.0,2024-03-16T05:57:57.877+00:00,21286,1,2,0,87,3.879009326720184,459
2026-04-17,0.1.0,2024-03-16T05:57:57.877+00:00,21286,1,2,0,87,3.879009326720184,459
2026-04-18,0.1.0,2024-03-16T05:57:57.877+00:00,21293,1,2,0,87,3.878981592008544,460
2026-04-18,0.1.0,2024-03-16T05:57:57.877+00:00,21293,1,2,0,87,3.878981592008544,460
2026-04-19,0.1.0,2024-03-16T05:57:57.877+00:00,21298,1,2,0,87,3.878893019672858,461
2026-04-19,0.1.0,2024-03-16T05:57:57.877+00:00,21298,1,2,0,87,3.878893019672858,461
2026-04-21,0.1.0,2024-03-16T05:57:57.877+00:00,21322,1,2,0.0046913116907487335,87,3.878785501661991,463
2026-04-21,0.1.0,2024-03-16T05:57:57.877+00:00,21322,1,2,0.0046913116907487335,87,3.878785501661991,463
2026-04-22,0.1.0,2024-03-16T05:57:57.877+00:00,21338,1,2,0.0046886721680420105,87,3.8787693446499927,464
2026-04-22,0.1.0,2024-03-16T05:57:57.877+00:00,21338,1,2,0.0046886721680420105,87,3.8787693446499927,464
2026-04-23,0.1.0,2024-03-16T05:57:57.877+00:00,21348,1,2,0,87,3.877890334359666,465
2026-04-23,0.1.0,2024-03-16T05:57:57.877+00:00,21348,1,2,0,87,3.877890334359666,465
2026-04-24,0.1.0,2024-03-16T05:57:57.877+00:00,21357,1,2,0.004683402023229674,87,3.8787579671724295,466
2026-04-24,0.1.0,2024-03-16T05:57:57.877+00:00,21357,1,2,0.004683402023229674,87,3.8787579671724295,466
2026-04-25,0.1.0,2024-03-16T05:57:57.877+00:00,21363,1,2,0,87,3.8787048404068747,467
2026-04-25,0.1.0,2024-03-16T05:57:57.877+00:00,21363,1,2,0,87,3.8787048404068747,467
2026-04-26,0.1.0,2024-03-16T05:57:57.877+00:00,21369,1,2,0,87,3.878736171989146,468
2026-04-26,0.1.0,2024-03-16T05:57:57.877+00:00,21369,1,2,0,87,3.878736171989146,468
2026-04-27,0.1.0,2024-03-16T05:57:57.877+00:00,21377,1,2,0,87,3.878629006174501,469
2026-04-27,0.1.0,2024-03-16T05:57:57.877+00:00,21377,1,2,0,87,3.878629006174501,469
2026-04-29,0.1.0,2024-03-16T05:57:57.877+00:00,21391,1,2,0,87,3.8785704160464953,475
2026-04-29,0.1.0,2024-03-16T05:57:57.877+00:00,21391,1,2,0,87,3.8785704160464953,475
2026-04-30,0.1.0,2024-03-16T05:57:57.877+00:00,21402,1,2,0,87,3.8786434866654584,476
2026-04-30,0.1.0,2024-03-16T05:57:57.877+00:00,21402,1,2,0,87,3.8786434866654584,476
2026-05-01,0.1.0,2024-03-16T05:57:57.877+00:00,21408,1,2,0,87,3.878548912319275,477
2026-05-01,0.1.0,2024-03-16T05:57:57.877+00:00,21408,1,2,0,87,3.878548912319275,477
2026-05-02,0.1.0,2024-03-16T05:57:57.877+00:00,21411,1,2,0,87,3.8785334190739595,477
2026-05-02,0.1.0,2024-03-16T05:57:57.877+00:00,21411,1,2,0,87,3.8785334190739595,477
2026-05-03,0.1.0,2024-03-16T05:57:57.877+00:00,21417,1,2,0,87,3.8785670746295358,479
2026-05-03,0.1.0,2024-03-16T05:57:57.877+00:00,21417,1,2,0,87,3.8785670746295358,479
2026-05-06,0.1.0,2024-03-16T05:57:57.877+00:00,21440,1,2,0,88,3.8787434916123353,483
2026-05-06,0.1.0,2024-03-16T05:57:57.877+00:00,21440,1,2,0,88,3.8787434916123353,483
2026-05-07,0.1.0,2024-03-16T05:57:57.877+00:00,21448,1,2,0,88,3.878689709308845,483
2026-05-07,0.1.0,2024-03-16T05:57:57.877+00:00,21448,1,2,0,88,3.878689709308845,483
2026-05-08,0.1.0,2024-03-16T05:57:57.877+00:00,21452,1,2,0,88,3.878730348432128,483
2026-05-08,0.1.0,2024-03-16T05:57:57.877+00:00,21452,1,2,0,88,3.878730348432128,483
2026-05-09,0.1.0,2024-03-16T05:57:57.877+00:00,21469,1,2,0,88,3.878614395353661,484
2026-05-09,0.1.0,2024-03-16T05:57:57.877+00:00,21469,1,2,0,88,3.878614395353661,484
2026-05-10,0.1.0,2024-03-16T05:57:57.877+00:00,21475,1,2,0.004657011130256601,88,3.87857627202996,484
2026-05-10,0.1.0,2024-03-16T05:57:57.877+00:00,21475,1,2,0.004657011130256601,88,3.87857627202996,484
2026-05-11,0.1.0,2024-03-16T05:57:57.877+00:00,21488,1,2,0,88,3.878630501081194,484
2026-05-11,0.1.0,2024-03-16T05:57:57.877+00:00,21488,1,2,0,88,3.878630501081194,484
2026-05-14,0.1.0,2024-03-16T05:57:57.877+00:00,21530,1,2,0.009290658243136525,88,3.8786547256018666,484
2026-05-14,0.1.0,2024-03-16T05:57:57.877+00:00,21530,1,2,0.009290658243136525,88,3.8786547256018666,484
2026-05-15,0.1.0,2024-03-16T05:57:57.877+00:00,21542,1,2,0.004643172215257464,88,3.878671707827872,484
2026-05-15,0.1.0,2024-03-16T05:57:57.877+00:00,21542,1,2,0.004643172215257464,88,3.878671707827872,484
2026-05-16,0.1.0,2024-03-16T05:57:57.877+00:00,21556,1,2,0,88,3.87860218923749,484
2026-05-16,0.1.0,2024-03-16T05:57:57.877+00:00,21556,1,2,0,88,3.87860218923749,484
2026-05-17,0.1.0,2024-03-16T05:57:57.877+00:00,21563,1,2,0,88,3.8784805153178863,484
2026-05-17,0.1.0,2024-03-16T05:57:57.877+00:00,21563,1,2,0,88,3.8784805153178863,484
2026-05-18,0.1.0,2024-03-16T05:57:57.877+00:00,21575,1,2,0,88,3.8784519593919957,484
2026-05-18,0.1.0,2024-03-16T05:57:57.877+00:00,21575,1,2,0,88,3.8784519593919957,484
2026-05-19,0.1.0,2024-03-16T05:57:57.877+00:00,21583,1,2,0,88,3.8783389227421785,484
2026-05-19,0.1.0,2024-03-16T05:57:57.877+00:00,21583,1,2,0,88,3.8783389227421785,484
2026-05-20,0.1.0,2024-03-16T05:57:57.877+00:00,21595,1,2,0,88,3.8783042548576034,484
2026-05-20,0.1.0,2024-03-16T05:57:57.877+00:00,21595,1,2,0,88,3.8783042548576034,484
2026-05-21,0.1.0,2024-03-16T05:57:57.877+00:00,21609,1,2,0.009259687948516135,88,3.8783486935553135,484
2026-05-21,0.1.0,2024-03-16T05:57:57.877+00:00,21609,1,2,0.009259687948516135,88,3.8783486935553135,484
2026-05-22,0.1.0,2024-03-16T05:57:57.877+00:00,21616,1,2,0,88,3.878397201758187,484
2026-05-22,0.1.0,2024-03-16T05:57:57.877+00:00,21616,1,2,0,88,3.878397201758187,484
2026-05-23,0.1.0,2024-03-16T05:57:57.877+00:00,21622,1,2,0,88,3.878407305212883,484
2026-05-23,0.1.0,2024-03-16T05:57:57.877+00:00,21622,1,2,0,88,3.878407305212883,484
2026-05-24,0.1.0,2024-03-16T05:57:57.877+00:00,21629,1,2,0,88,3.878480983952633,485
2026-05-24,0.1.0,2024-03-16T05:57:57.877+00:00,21629,1,2,0,88,3.878480983952633,485
2026-05-25,0.1.0,2024-03-16T05:57:57.877+00:00,21643,1,2,0,88,3.8785176070997234,485
2026-05-25,0.1.0,2024-03-16T05:57:57.877+00:00,21643,1,2,0,88,3.8785176070997234,485
2026-05-26,0.1.0,2024-03-16T05:57:57.877+00:00,21651,1,2,0,88,3.878533168520808,485
2026-05-26,0.1.0,2024-03-16T05:57:57.877+00:00,21651,1,2,0,88,3.878533168520808,485
2026-05-27,0.1.0,2024-03-16T05:57:57.877+00:00,21663,1,2,0.004617871161394597,88,3.8785506172076882,485
2026-05-27,0.1.0,2024-03-16T05:57:57.877+00:00,21663,1,2,0.004617871161394597,88,3.8785506172076882,485
2026-05-28,0.1.0,2024-03-16T05:57:57.877+00:00,21671,1,2,0,88,3.8785413643707614,486
2026-05-28,0.1.0,2024-03-16T05:57:57.877+00:00,21671,1,2,0,88,3.8785413643707614,486
2026-05-29,0.1.0,2024-03-16T05:57:57.877+00:00,21690,1,2,0,88,3.8785106234159508,487
2026-05-29,0.1.0,2024-03-16T05:57:57.877+00:00,21690,1,2,0,88,3.8785106234159508,487
2026-05-30,0.1.0,2024-03-16T05:57:57.877+00:00,21703,1,2,0.004608932110430013,88,3.87852523570114,487
2026-05-30,0.1.0,2024-03-16T05:57:57.877+00:00,21703,1,2,0.004608932110430013,88,3.87852523570114,487
2026-05-31,0.1.0,2024-03-16T05:57:57.877+00:00,21708,1,2,0,88,3.8785192448424155,487
2026-05-31,0.1.0,2024-03-16T05:57:57.877+00:00,21708,1,2,0,88,3.8785192448424155,487
2026-06-01,0.1.0,2024-03-16T05:57:57.877+00:00,21721,1,2,0,88,3.8785403889419667,487
2026-06-01,0.1.0,2024-03-16T05:57:57.877+00:00,21721,1,2,0,88,3.8785403889419667,487
2026-06-02,0.1.0,2024-03-16T05:57:57.877+00:00,21728,1,2,0,88,3.878466383751034,488
2026-06-02,0.1.0,2024-03-16T05:57:57.877+00:00,21728,1,2,0,88,3.878466383751034,488
2026-06-03,0.1.0,2024-03-16T05:57:57.877+00:00,21743,1,2,0,88,3.878406934400164,488
2026-06-03,0.1.0,2024-03-16T05:57:57.877+00:00,21743,1,2,0,88,3.878406934400164,488
2026-06-04,0.1.0,2024-03-16T05:57:57.877+00:00,21755,1,2,0,88,3.8784038454045655,488
2026-06-04,0.1.0,2024-03-16T05:57:57.877+00:00,21755,1,2,0,88,3.8784038454045655,488
2026-06-05,0.1.0,2024-03-16T05:57:57.877+00:00,21766,1,2,0.0045951658854884656,88,3.8783048123848354,488
2026-06-05,0.1.0,2024-03-16T05:57:57.877+00:00,21766,1,2,0.0045951658854884656,88,3.8783048123848354,488
2026-06-06,0.1.0,2024-03-16T05:57:57.877+00:00,21770,1,2,0,88,3.8781444608325137,490
2026-06-06,0.1.0,2024-03-16T05:57:57.877+00:00,21770,1,2,0,88,3.8781444608325137,490
2026-06-07,0.1.0,2024-03-16T05:57:57.877+00:00,21772,1,2,0,88,3.8781441614135974,490
2026-06-07,0.1.0,2024-03-16T05:57:57.877+00:00,21772,1,2,0,88,3.8781441614135974,490
2026-06-08,0.1.0,2024-03-16T05:57:57.877+00:00,21789,1,2,0.004591789879695105,88,3.8781215385906833,490
2026-06-08,0.1.0,2024-03-16T05:57:57.877+00:00,21789,1,2,0.004591789879695105,88,3.8781215385906833,490
2026-06-09,0.1.0,2024-03-16T05:57:57.877+00:00,21797,1,2,0,88,3.877990518765966,490
2026-06-09,0.1.0,2024-03-16T05:57:57.877+00:00,21797,1,2,0,88,3.877990518765966,490
2026-06-10,0.1.0,2024-03-16T05:57:57.877+00:00,21813,1,2,0.004586104104563174,88,3.8778234716425235,491
2026-06-10,0.1.0,2024-03-16T05:57:57.877+00:00,21813,1,2,0.004586104104563174,88,3.8778234716425235,491
2026-06-11,0.1.0,2024-03-16T05:57:57.877+00:00,21824,1,2,0,88,3.877516915801445,493
2026-06-11,0.1.0,2024-03-16T05:57:57.877+00:00,21824,1,2,0,88,3.877516915801445,493
2026-06-12,0.1.0,2024-03-16T05:57:57.877+00:00,21836,1,2,0.004580852038479157,89,3.877597857310802,493
2026-06-12,0.1.0,2024-03-16T05:57:57.877+00:00,21836,1,2,0.004580852038479157,89,3.877597857310802,493
2026-06-13,0.1.0,2024-03-16T05:57:57.877+00:00,21842,1,2,0,89,3.877435023468998,495
2026-06-13,0.1.0,2024-03-16T05:57:57.877+00:00,21842,1,2,0,89,3.877435023468998,495
2026-06-14,0.1.0,2024-03-16T05:57:57.877+00:00,21849,1,2,0,89,3.877371306930774,496
2026-06-14,0.1.0,2024-03-16T05:57:57.877+00:00,21849,1,2,0,89,3.877371306930774,496
2026-06-15,0.1.0,2024-03-16T05:57:57.877+00:00,21862,1,2,0.004575611988103409,89,3.877404916218457,496
2026-06-15,0.1.0,2024-03-16T05:57:57.877+00:00,21862,1,2,0.004575611988103409,89,3.877404916218457,496
2026-06-16,0.1.0,2024-03-16T05:57:57.877+00:00,21874,1,2,0,89,3.8772990793475817,496
2026-06-16,0.1.0,2024-03-16T05:57:57.877+00:00,21874,1,2,0,89,3.8772990793475817,496
2026-06-17,0.1.0,2024-03-16T05:57:57.877+00:00,21886,1,2,0,89,3.877355794647577,497
2026-06-17,0.1.0,2024-03-16T05:57:57.877+00:00,21886,1,2,0,89,3.877355794647577,497
2026-06-18,0.1.0,2024-03-16T05:57:57.877+00:00,21896,1,2,0,89,3.8773566617079585,498
2026-06-18,0.1.0,2024-03-16T05:57:57.877+00:00,21896,1,2,0,89,3.8773566617079585,498
2026-06-19,0.1.0,2024-03-16T05:57:57.877+00:00,21903,1,2,0,89,3.8772132762915494,499
2026-06-19,0.1.0,2024-03-16T05:57:57.877+00:00,21903,1,2,0,89,3.8772132762915494,499
2026-06-20,0.1.0,2024-03-16T05:57:57.877+00:00,21909,1,2,0.009129918743723181,89,3.877037177533993,499
2026-06-20,0.1.0,2024-03-16T05:57:57.877+00:00,21909,1,2,0.009129918743723181,89,3.877037177533993,499
2026-06-21,0.1.0,2024-03-16T05:57:57.877+00:00,21912,1,2,0,89,3.877019684597898,499
2026-06-21,0.1.0,2024-03-16T05:57:57.877+00:00,21912,1,2,0,89,3.877019684597898,499
2026-06-22,0.1.0,2024-03-16T05:57:57.877+00:00,21923,1,2,0,89,3.8768859587428373,499
2026-06-22,0.1.0,2024-03-16T05:57:57.877+00:00,21923,1,2,0,89,3.8768859587428373,499
2026-06-23,0.1.0,2024-03-16T05:57:57.877+00:00,21929,1,2,0,89,3.8767738898094195,499
2026-06-23,0.1.0,2024-03-16T05:57:57.877+00:00,21929,1,2,0,89,3.8767738898094195,499
2026-06-24,0.1.0,2024-03-16T05:57:57.877+00:00,21939,1,2,0,89,3.8767916628464905,499
2026-06-24,0.1.0,2024-03-16T05:57:57.877+00:00,21939,1,2,0,89,3.8767916628464905,499
2026-06-25,0.1.0,2024-03-16T05:57:57.877+00:00,21952,1,2,0,89,3.876778033043308,499
2026-06-25,0.1.0,2024-03-16T05:57:57.877+00:00,21952,1,2,0,89,3.876778033043308,499
2026-06-26,0.1.0,2024-03-16T05:57:57.877+00:00,21964,1,2,0,89,3.876814957776529,499
2026-06-26,0.1.0,2024-03-16T05:57:57.877+00:00,21964,1,2,0,89,3.876814957776529,499
2026-06-27,0.1.0,2024-03-16T05:57:57.877+00:00,21970,1,2,0,89,3.8767542922276843,499
2026-06-27,0.1.0,2024-03-16T05:57:57.877+00:00,21970,1,2,0,89,3.8767542922276843,499
2026-06-28,0.1.0,2024-03-16T05:57:57.877+00:00,21976,1,2,0,89,3.876627802873072,500
2026-06-28,0.1.0,2024-03-16T05:57:57.877+00:00,21976,1,2,0,89,3.876627802873072,500
2026-06-29,0.1.0,2024-03-16T05:57:57.877+00:00,21987,1,2,0,89,3.876668436567369,500
2026-06-29,0.1.0,2024-03-16T05:57:57.877+00:00,21987,1,2,0,89,3.876668436567369,500
2026-06-30,0.1.0,2024-03-16T05:57:57.877+00:00,21993,1,2,0,90,3.876526299947937,500
2026-06-30,0.1.0,2024-03-16T05:57:57.877+00:00,21993,1,2,0,90,3.876526299947937,500
2026-07-01,0.1.0,2024-03-16T05:57:57.877+00:00,22002,1,2,0.0045458678061641965,90,3.8765672300257585,500
2026-07-01,0.1.0,2024-03-16T05:57:57.877+00:00,22002,1,2,0.0045458678061641965,90,3.8765672300257585,500
2026-07-02,0.1.0,2024-03-16T05:57:57.877+00:00,22011,1,2,0.004544008724496751,90,3.876478762502057,500
2026-07-02,0.1.0,2024-03-16T05:57:57.877+00:00,22011,1,2,0.004544008724496751,90,3.876478762502057,500
2026-07-03,0.1.0,2024-03-16T05:57:57.877+00:00,22019,1,2,0,90,3.87639044624285,500
2026-07-03,0.1.0,2024-03-16T05:57:57.877+00:00,22019,1,2,0,90,3.87639044624285,500
2026-07-04,0.1.0,2024-03-16T05:57:57.877+00:00,22023,1,2,0,90,3.876398459029644,500
2026-07-04,0.1.0,2024-03-16T05:57:57.877+00:00,22023,1,2,0,90,3.876398459029644,500
2026-07-05,0.1.0,2024-03-16T05:57:57.877+00:00,22028,1,2,0,90,3.876318375834074,500
2026-07-05,0.1.0,2024-03-16T05:57:57.877+00:00,22028,1,2,0,90,3.876318375834074,500
2026-07-06,0.1.0,2024-03-16T05:57:57.877+00:00,22040,1,2,0,90,3.8762840032480717,500
2026-07-06,0.1.0,2024-03-16T05:57:57.877+00:00,22040,1,2,0,90,3.8762840032480717,500
2026-07-07,0.1.0,2024-03-16T05:57:57.877+00:00,22047,1,2,0,90,3.8762789527299883,500
2026-07-07,0.1.0,2024-03-16T05:57:57.877+00:00,22047,1,2,0,90,3.8762789527299883,500
2026-07-08,0.1.0,2024-03-16T05:57:57.877+00:00,22060,1,2,0.0045347360783602395,90,3.876239541998361,500
2026-07-08,0.1.0,2024-03-16T05:57:57.877+00:00,22060,1,2,0.0045347360783602395,90,3.876239541998361,500
2026-07-09,0.1.0,2024-03-16T05:57:57.877+00:00,22067,1,2,0.004532475184698364,90,3.8762405456879816,500
2026-07-09,0.1.0,2024-03-16T05:57:57.877+00:00,22067,1,2,0.004532475184698364,90,3.8762405456879816,500
2026-07-10,0.1.0,2024-03-16T05:57:57.877+00:00,22075,1,2,0,90,3.876253994128428,500
2026-07-10,0.1.0,2024-03-16T05:57:57.877+00:00,22075,1,2,0,90,3.876253994128428,500
2026-07-11,0.1.0,2024-03-16T05:57:57.877+00:00,22080,1,2,0,90,3.8762630101446187,500
2026-07-11,0.1.0,2024-03-16T05:57:57.877+00:00,22080,1,2,0,90,3.8762630101446187,500
2026-07-12,0.1.0,2024-03-16T05:57:57.877+00:00,22087,1,2,0,90,3.876171197458218,500
2026-07-12,0.1.0,2024-03-16T05:57:57.877+00:00,22087,1,2,0,90,3.876171197458218,500
2026-07-13,0.1.0,2024-03-16T05:57:57.877+00:00,22092,1,2,0,91,3.8761954247214137,500
2026-07-13,0.1.0,2024-03-16T05:57:57.877+00:00,22092,1,2,0,91,3.8761954247214137,500
2026-07-14,0.1.0,2024-03-16T05:57:57.877+00:00,22099,1,2,0,91,3.876187467471846,500
2026-07-14,0.1.0,2024-03-16T05:57:57.877+00:00,22099,1,2,0,91,3.876187467471846,500
2026-07-15,0.1.0,2024-03-16T05:57:57.877+00:00,22103,1,2,0,92,3.876197648125768,502
2026-07-15,0.1.0,2024-03-16T05:57:57.877+00:00,22103,1,2,0,92,3.876197648125768,502
2026-07-16,0.1.0,2024-03-16T05:57:57.877+00:00,22105,1,2,0,92,3.876203572165762,502
2026-07-16,0.1.0,2024-03-16T05:57:57.877+00:00,22105,1,2,0,92,3.876203572165762,502
2026-07-17,0.1.0,2024-03-16T05:57:57.877+00:00,22114,1,2,0.004522840343735866,92,3.8760099692103527,502
2026-07-17,0.1.0,2024-03-16T05:57:57.877+00:00,22114,1,2,0.004522840343735866,92,3.8760099692103527,502
2026-07-18,0.1.0,2024-03-16T05:57:57.877+00:00,22117,1,2,0,92,3.8759916602460267,502
2026-07-18,0.1.0,2024-03-16T05:57:57.877+00:00,22117,1,2,0,92,3.8759916602460267,502
2026-07-19,0.1.0,2024-03-16T05:57:57.877+00:00,22123,1,2,0,92,3.8759770561142584,502
2026-07-19,0.1.0,2024-03-16T05:57:57.877+00:00,22123,1,2,0,92,3.8759770561142584,502
2026-07-20,0.1.0,2024-03-16T05:57:57.877+00:00,22126,1,2,0,92,3.8759763256197544,502
2026-07-20,0.1.0,2024-03-16T05:57:57.877+00:00,22126,1,2,0,92,3.8759763256197544,502
2026-07-21,0.1.0,2024-03-16T05:57:57.877+00:00,22133,1,2,0,92,3.875974302856877,502
2026-07-21,0.1.0,2024-03-16T05:57:57.877+00:00,22133,1,2,0,92,3.875974302856877,502
2026-07-22,0.1.0,2024-03-16T05:57:57.877+00:00,22141,1,2,0,92,3.8760466220242606,503
2026-07-22,0.1.0,2024-03-16T05:57:57.877+00:00,22141,1,2,0,92,3.8760466220242606,503
2026-07-23,0.1.0,2024-03-16T05:57:57.877+00:00,22148,1,2,0,92,3.8761105726516436,503
2026-07-23,0.1.0,2024-03-16T05:57:57.877+00:00,22148,1,2,0,92,3.8761105726516436,503
2026-07-24,0.1.0,2024-03-16T05:57:57.877+00:00,22159,1,2,0,93,3.876208153674725,504
2026-07-24,0.1.0,2024-03-16T05:57:57.877+00:00,22159,1,2,0,93,3.876208153674725,504
2026-07-25,0.1.0,2024-03-16T05:57:57.877+00:00,22163,1,2,0,93,3.8760947653065347,504
2026-07-25,0.1.0,2024-03-16T05:57:57.877+00:00,22163,1,2,0,93,3.8760947653065347,504
2026-07-26,0.1.0,2024-03-16T05:57:57.877+00:00,22169,1,2,0,93,3.8761146753823184,504
2026-07-26,0.1.0,2024-03-16T05:57:57.877+00:00,22169,1,2,0,93,3.8761146753823184,504
2026-07-27,0.1.0,2024-03-16T05:57:57.877+00:00,22172,1,2,0,93,3.8760837902500227,504
2026-07-27,0.1.0,2024-03-16T05:57:57.877+00:00,22172,1,2,0,93,3.8760837902500227,504
2026-07-28,0.1.0,2024-03-16T05:57:57.877+00:00,22184,1,2,0,93,3.8761604881511236,504
2026-07-28,0.1.0,2024-03-16T05:57:57.877+00:00,22184,1,2,0,93,3.8761604881511236,504
2026-07-29,0.1.0,2024-03-16T05:57:57.877+00:00,22189,1,2,0,93,3.876179071741186,504
2026-07-29,0.1.0,2024-03-16T05:57:57.877+00:00,22189,1,2,0,93,3.876179071741186,504
2026-07-30,0.1.0,2024-03-16T05:57:57.877+00:00,22193,1,2,0,93,3.876151179896419,504
2026-07-30,0.1.0,2024-03-16T05:57:57.877+00:00,22193,1,2,0,93,3.876151179896419,504
2026-07-31,0.1.0,2024-03-16T05:57:57.877+00:00,22201,1,2,0.0045045045045045045,93,3.8761312445099887,504
2026-07-31,0.1.0,2024-03-16T05:57:57.877+00:00,22201,1,2,0.0045045045045045045,93,3.8761312445099887,504
2026-08-01,0.1.0,2024-03-16T05:57:57.877+00:00,22208,1,2,0,93,3.8761022288285463,504
2026-08-01,0.1.0,2024-03-16T05:57:57.877+00:00,22208,1,2,0,93,3.8761022288285463,504
2026-08-02,0.1.0,2024-03-16T05:57:57.877+00:00,22212,1,2,0,93,3.8761911090705525,504
2026-08-02,0.1.0,2024-03-16T05:57:57.877+00:00,22212,1,2,0,93,3.8761911090705525,504
2026-08-03,0.1.0,2024-03-16T05:57:57.877+00:00,22221,1,2,0,93,3.876208338618714,504
2026-08-03,0.1.0,2024-03-16T05:57:57.877+00:00,22221,1,2,0,93,3.876208338618714,504
2026-08-04,0.1.0,2024-03-16T05:57:57.877+00:00,22227,1,2,0,93,3.8762246095440536,504
2026-08-04,0.1.0,2024-03-16T05:57:57.877+00:00,22227,1,2,0,93,3.8762246095440536,504
2026-08-05,0.1.0,2024-03-16T05:57:57.877+00:00,22234,1,2,0,93,3.8762647300299427,504
2026-08-05,0.1.0,2024-03-16T05:57:57.877+00:00,22234,1,2,0,93,3.8762647300299427,504
2026-08-06,0.1.0,2024-03-16T05:57:57.877+00:00,22240,1,2,0,93,3.8762647300299427,504
2026-08-06,0.1.0,2024-03-16T05:57:57.877+00:00,22240,1,2,0,93,3.8762647300299427,504
2026-08-07,0.1.0,2024-03-16T05:57:57.877+00:00,22245,1,2,0,93,3.876226547092774,504
2026-08-07,0.1.0,2024-03-16T05:57:57.877+00:00,22245,1,2,0,93,3.876226547092774,504
2026-08-08,0.1.0,2024-03-16T05:57:57.877+00:00,22251,1,2,0,93,3.8762786117642327,504
2026-08-08,0.1.0,2024-03-16T05:57:57.877+00:00,22251,1,2,0,93,3.8762786117642327,504
2026-08-09,0.1.0,2024-03-16T05:57:57.877+00:00,22251,1,2,0,93,3.8763239950495847,504
2026-08-09,0.1.0,2024-03-16T05:57:57.877+00:00,22251,1,2,0,93,3.8763239950495847,504
2026-08-10,0.1.0,2024-03-16T05:57:57.877+00:00,22257,1,2,0.004493776120073698,93,3.876146079889824,505
2026-08-10,0.1.0,2024-03-16T05:57:57.877+00:00,22257,1,2,0.004493776120073698,93,3.876146079889824,505
2026-08-11,0.1.0,2024-03-16T05:57:57.877+00:00,22266,1,2,0,93,3.876272013592245,505
2026-08-11,0.1.0,2024-03-16T05:57:57.877+00:00,22266,1,2,0,93,3.876272013592245,505
2026-08-12,0.1.0,2024-03-16T05:57:57.877+00:00,22274,1,2,0.0044903457566232595,93,3.8762730003453565,505
2026-08-12,0.1.0,2024-03-16T05:57:57.877+00:00,22274,1,2,0.0044903457566232595,93,3.8762730003453565,505
2026-08-13,0.1.0,2024-03-16T05:57:57.877+00:00,22277,1,2,0,94,3.876260406380707,505
2026-08-13,0.1.0,2024-03-16T05:57:57.877+00:00,22277,1,2,0,94,3.876260406380707,505
2026-08-14,0.1.0,2024-03-16T05:57:57.877+00:00,22282,1,2,0,94,3.8762544490054696,505
2026-08-14,0.1.0,2024-03-16T05:57:57.877+00:00,22282,1,2,0,94,3.8762544490054696,505
2026-08-15,0.1.0,2024-03-16T05:57:57.877+00:00,22287,1,2,0,94,3.876261106765349,505
2026-08-15,0.1.0,2024-03-16T05:57:57.877+00:00,22287,1,2,0,94,3.876261106765349,505
2026-08-16,0.1.0,2024-03-16T05:57:57.877+00:00,22291,1,2,0,94,3.8763004227125797,505
2026-08-16,0.1.0,2024-03-16T05:57:57.877+00:00,22291,1,2,0,94,3.8763004227125797,505
2026-08-17,0.1.0,2024-03-16T05:57:57.877+00:00,22294,1,2,0,94,3.8763004227125797,505
2026-08-17,0.1.0,2024-03-16T05:57:57.877+00:00,22294,1,2,0,94,3.8763004227125797,505
2026-08-18,0.1.0,2024-03-16T05:57:57.877+00:00,22307,1,2,0,94,3.8762930092818073,505
2026-08-18,0.1.0,2024-03-16T05:57:57.877+00:00,22307,1,2,0,94,3.8762930092818073,505
2026-08-19,0.1.0,2024-03-16T05:57:57.877+00:00,22309,1,2,0,94,3.876256341821154,506
2026-08-19,0.1.0,2024-03-16T05:57:57.877+00:00,22309,1,2,0,94,3.876256341821154,506
2026-08-20,0.1.0,2024-03-16T05:57:57.877+00:00,22312,1,2,0,94,3.876235372825203,506
2026-08-20,0.1.0,2024-03-16T05:57:57.877+00:00,22312,1,2,0,94,3.876235372825203,506
2026-08-21,0.1.0,2024-03-16T05:57:57.877+00:00,22316,1,2,0,94,3.876245424765932,506
2026-08-21,0.1.0,2024-03-16T05:57:57.877+00:00,22316,1,2,0,94,3.876245424765932,506
2026-08-22,0.1.0,2024-03-16T05:57:57.877+00:00,22317,1,2,0,94,3.876220442181364,506
2026-08-22,0.1.0,2024-03-16T05:57:57.877+00:00,22317,1,2,0,94,3.876220442181364,506
2026-08-23,0.1.0,2024-03-16T05:57:57.877+00:00,22319,1,2,0,94,3.876244191770624,507
2026-08-23,0.1.0,2024-03-16T05:57:57.877+00:00,22319,1,2,0,94,3.876244191770624,507
2026-08-24,0.1.0,2024-03-16T05:57:57.877+00:00,22326,1,2,0,94,3.8762514705529276,507
2026-08-24,0.1.0,2024-03-16T05:57:57.877+00:00,22326,1,2,0,94,3.8762514705529276,507
2026-08-25,0.1.0,2024-03-16T05:57:57.877+00:00,22329,1,2,0,94,3.876273915609029,507
2026-08-25,0.1.0,2024-03-16T05:57:57.877+00:00,22329,1,2,0,94,3.876273915609029,507
2026-08-26,0.1.0,2024-03-16T05:57:57.877+00:00,22334,1,2,0,94,3.876297318375428,507
2026-08-26,0.1.0,2024-03-16T05:57:57.877+00:00,22334,1,2,0,94,3.876297318375428,507
2026-08-27,0.1.0,2024-03-16T05:57:57.877+00:00,22340,1,2,0,94,3.8762454221241343,507
2026-08-27,0.1.0,2024-03-16T05:57:57.877+00:00,22340,1,2,0,94,3.8762454221241343,507
2026-08-28,0.1.0,2024-03-16T05:57:57.877+00:00,22342,1,2,0,94,3.876153938376693,507
2026-08-28,0.1.0,2024-03-16T05:57:57.877+00:00,22342,1,2,0,94,3.876153938376693,507
2026-08-29,0.1.0,2024-03-16T05:57:57.877+00:00,22344,1,2,0,94,3.876153938376693,507
2026-08-29,0.1.0,2024-03-16T05:57:57.877+00:00,22344,1,2,0,94,3.876153938376693,507
2026-08-30,0.1.0,2024-03-16T05:57:57.877+00:00,22349,1,2,0,94,3.8761538353978024,507
2026-08-30,0.1.0,2024-03-16T05:57:57.877+00:00,22349,1,2,0,94,3.8761538353978024,507
2026-08-31,0.1.0,2024-03-16T05:57:57.877+00:00,22350,1,2,0,94,3.8761538353978024,509
2026-08-31,0.1.0,2024-03-16T05:57:57.877+00:00,22350,1,2,0,94,3.8761538353978024,509
2026-09-01,0.1.0,2024-03-16T05:57:57.877+00:00,22356,1,2,0,94,3.8761538353978024,509
2026-09-01,0.1.0,2024-03-16T05:57:57.877+00:00,22356,1,2,0,94,3.8761538353978024,509
2026-09-02,0.1.0,2024-03-16T05:57:57.877+00:00,22360,1,2,0,94,3.8761538353978024,510
2026-09-02,0.1.0,2024-03-16T05:57:57.877+00:00,22360,1,2,0,94,3.8761538353978024,510
2026-09-03,0.1.0,2024-03-16T05:57:57.877+00:00,22363,1,2,0,94,3.876147567157626,510
2026-09-03,0.1.0,2024-03-16T05:57:57.877+00:00,22363,1,2,0,94,3.876147567157626,510
2026-09-04,0.1.0,2024-03-16T05:57:57.877+00:00,22367,1,2,0,94,3.8761294955418584,510
2026-09-04,0.1.0,2024-03-16T05:57:57.877+00:00,22367,1,2,0,94,3.8761294955418584,510
2026-09-05,0.1.0,2024-03-16T05:57:57.877+00:00,22370,1,2,0,94,3.8761488924776204,510
2026-09-05,0.1.0,2024-03-16T05:57:57.877+00:00,22370,1,2,0,94,3.8761488924776204,510
2026-09-06,0.1.0,2024-03-16T05:57:57.877+00:00,22371,1,2,0,94,3.8761488924776204,510
2026-09-06,0.1.0,2024-03-16T05:57:57.877+00:00,22371,1,2,0,94,3.8761488924776204,510
2026-09-07,0.1.0,2024-03-16T05:57:57.877+00:00,22378,1,2,0,94,3.8761488924776204,510
2026-09-07,0.1.0,2024-03-16T05:57:57.877+00:00,22378,1,2,0,94,3.8761488924776204,510
2026-09-08,0.1.0,2024-03-16T05:57:57.877+00:00,22381,1,2,0,94,3.8761488924776204,511
2026-09-08,0.1.0,2024-03-16T05:57:57.877+00:00,22381,1,2,0,94,3.8761488924776204,511
2026-09-09,0.1.0,2024-03-16T05:57:57.877+00:00,22383,1,2,0,94,3.8761488924776204,512
2026-09-09,0.1.0,2024-03-16T05:57:57.877+00:00,22383,1,2,0,94,3.8761488924776204,512
2026-09-10,0.1.0,2024-03-16T05:57:57.877+00:00,22389,1,2,0,94,3.8761488924776204,512
2026-09-10,0.1.0,2024-03-16T05:57:57.877+00:00,22389,1,2,0,94,3.8761488924776204,512
2026-09-11,0.1.0,2024-03-16T05:57:57.877+00:00,22391,1,2,0,94,3.8761488924776204,512
2026-09-11,0.1.0,2024-03-16T05:57:57.877+00:00,22391,1,2,0,94,3.8761488924776204,512
2026-09-12,0.1.0,2024-03-16T05:57:57.877+00:00,22395,1,2,0,94,3.8761488924776204,513
2026-09-12,0.1.0,2024-03-16T05:57:57.877+00:00,22395,1,2,0,94,3.8761488924776204,513
2026-09-13,0.1.0,2024-03-16T05:57:57.877+00:00,22402,1,2,0,94,3.8761488924776204,513
2026-09-13,0.1.0,2024-03-16T05:57:57.877+00:00,22402,1,2,0,94,3.8761488924776204,513
2026-09-14,0.1.0,2024-03-16T05:57:57.877+00:00,22403,1,2,0,94,3.8754038844443386,513
2026-09-14,0.1.0,2024-03-16T05:57:57.877+00:00,22403,1,2,0,94,3.8754038844443386,513
2026-09-15,0.1.0,2024-03-16T05:57:57.877+00:00,22409,1,2,0,94,3.8754038844443386,514
2026-09-15,0.1.0,2024-03-16T05:57:57.877+00:00,22409,1,2,0,94,3.8754038844443386,514
2026-09-16,0.1.0,2024-03-16T05:57:57.877+00:00,22412,1,2,0,94,3.8754038844443386,514
2026-09-16,0.1.0,2024-03-16T05:57:57.877+00:00,22412,1,2,0,94,3.8754038844443386,514
2026-09-17,0.1.0,2024-03-16T05:57:57.877+00:00,22414,1,2,0,94,3.8754038844443386,514
2026-09-17,0.1.0,2024-03-16T05:57:57.877+00:00,22414,1,2,0,94,3.8754038844443386,514
2026-09-18,0.1.0,2024-03-16T05:57:57.877+00:00,22415,1,2,0,94,3.8754038844443386,514
2026-09-18,0.1.0,2024-03-16T05:57:57.877+00:00,22415,1,2,0,94,3.8754038844443386,514
2026-09-19,0.1.0,2024-03-16T05:57:57.877+00:00,22420,1,2,0,94,3.8754038844443386,514
2026-09-19,0.1.0,2024-03-16T05:57:57.877+00:00,22420,1,2,0,94,3.8754038844443386,514
2026-09-20,0.1.0,2024-03-16T05:57:57.877+00:00,22426,1,2,0,94,3.8752912019826518,514
2026-09-20,0.1.0,2024-03-16T05:57:57.877+00:00,22426,1,2,0,94,3.8752912019826518,514
2026-09-21,0.1.0,2024-03-16T05:57:57.877+00:00,22428,1,2,0,94,3.8753181418139437,515
2026-09-21,0.1.0,2024-03-16T05:57:57.877+00:00,22428,1,2,0,94,3.8753181418139437,515
2026-09-22,0.1.0,2024-03-16T05:57:57.877+00:00,22428,1,2,0,94,3.8753982690158595,516
2026-09-22,0.1.0,2024-03-16T05:57:57.877+00:00,22428,1,2,0,94,3.8753982690158595,516
2026-09-23,0.1.0,2024-03-16T05:57:57.877+00:00,22433,1,2,0,94,3.8752550161427695,516
2026-09-23,0.1.0,2024-03-16T05:57:57.877+00:00,22433,1,2,0,94,3.8752550161427695,516
2026-09-24,0.1.0,2024-03-16T05:57:57.877+00:00,22435,1,2,0,94,3.875151450359917,516
2026-09-24,0.1.0,2024-03-16T05:57:57.877+00:00,22435,1,2,0,94,3.875151450359917,516
2026-09-25,0.1.0,2024-03-16T05:57:57.877+00:00,22436,1,2,0,94,3.875109335359748,516
2026-09-25,0.1.0,2024-03-16T05:57:57.877+00:00,22436,1,2,0,94,3.875109335359748,516
2026-09-26,0.1.0,2024-03-16T05:57:57.877+00:00,22438,1,2,0,94,3.874976507710417,517
2026-09-26,0.1.0,2024-03-16T05:57:57.877+00:00,22438,1,2,0,94,3.874976507710417,517
2026-09-27,0.1.0,2024-03-16T05:57:57.877+00:00,22438,1,2,0,94,3.874972309250293,517
2026-09-27,0.1.0,2024-03-16T05:57:57.877+00:00,22438,1,2,0,94,3.874972309250293,517
2026-09-28,0.1.0,2024-03-16T05:57:57.877+00:00,22444,1,2,0.00445612940599795,94,3.8750173024065173,519
2026-09-28,0.1.0,2024-03-16T05:57:57.877+00:00,22444,1,2,0.00445612940599795,94,3.8750173024065173,519
2026-09-29,0.1.0,2024-03-16T05:57:57.877+00:00,22445,1,2,0,94,3.8750593049460327,519
2026-09-29,0.1.0,2024-03-16T05:57:57.877+00:00,22445,1,2,0,94,3.8750593049460327,519
2026-09-30,0.1.0,2024-03-16T05:57:57.877+00:00,22448,1,2,0,94,3.8750538437523465,519
2026-09-30,0.1.0,2024-03-16T05:57:57.877+00:00,22448,1,2,0,94,3.8750538437523465,519
2026-10-01,0.1.0,2024-03-16T05:57:57.877+00:00,22452,1,2,0,94,3.8750728330321254,520
2026-10-01,0.1.0,2024-03-16T05:57:57.877+00:00,22452,1,2,0,94,3.8750728330321254,520
2026-10-02,0.1.0,2024-03-16T05:57:57.877+00:00,22455,1,2,0,94,3.8747376816486723,520
2026-10-02,0.1.0,2024-03-16T05:57:57.877+00:00,22455,1,2,0,94,3.8747376816486723,520
2026-10-03,0.1.0,2024-03-16T05:57:57.877+00:00,22456,1,2,0,94,3.874220630598635,520
2026-10-03,0.1.0,2024-03-16T05:57:57.877+00:00,22456,1,2,0,94,3.874220630598635,520
2026-10-04,0.1.0,2024-03-16T05:57:57.877+00:00,22459,1,2,0,94,3.8737415304332035,520
2026-10-04,0.1.0,2024-03-16T05:57:57.877+00:00,22459,1,2,0,94,3.8737415304332035,520
2026-10-06,0.1.0,2024-03-16T05:57:57.877+00:00,22463,1,2,0,94,3.8734448632899956,521
2026-10-06,0.1.0,2024-03-16T05:57:57.877+00:00,22463,1,2,0,94,3.8734448632899956,521
2026-10-07,0.1.0,2024-03-16T05:57:57.877+00:00,22467,1,2,0,94,3.873445251559678,522
2026-10-07,0.1.0,2024-03-16T05:57:57.877+00:00,22467,1,2,0,94,3.873445251559678,522
2026-10-08,0.1.0,2024-03-16T05:57:57.877+00:00,22470,1,2,0,94,3.8734932160229576,523
2026-10-08,0.1.0,2024-03-16T05:57:57.877+00:00,22470,1,2,0,94,3.8734932160229576,523
2026-10-09,0.1.0,2024-03-16T05:57:57.877+00:00,22472,1,2,0,94,3.8734506248719525,524
2026-10-09,0.1.0,2024-03-16T05:57:57.877+00:00,22472,1,2,0,94,3.8734506248719525,524
2026-10-10,0.1.0,2024-03-16T05:57:57.877+00:00,22475,1,2,0,94,3.873382058675238,524
2026-10-10,0.1.0,2024-03-16T05:57:57.877+00:00,22475,1,2,0,94,3.873382058675238,524
