date,version,lastUpdated,install,averagerating,ratingcount,trendingdaily,updateCount,weightedRating,downloadCount
2024-11-26,3.1.0,2021-11-05T21:01:32.577+00:00,29385,5,1,0,2990,4.457458844826611,137
2024-11-26,3.1.0,2021-11-05T21:01:32.577+00:00,29387,5,1,0,2990,4.457458844826611,137
2024-11-27,3.1.0,2021-11-05T21:01:32.577+00:00,29402,5,1,0.006802721088435374,2990,4.457458844826611,137
2024-11-28,3.1.0,2021-11-05T21:01:32.577+00:00,29414,5,1,0.0033998572059973486,2990,4.457458844826611,137
2024-11-29,3.1.0,2021-11-05T21:01:32.577+00:00,29422,5,1,0,2991,4.457458844826611,137
2024-11-30,3.1.0,2021-11-05T21:01:32.577+00:00,29437,5,1,0,2991,4.457458844826611,137
2024-12-01,3.1.0,2021-11-05T21:01:32.577+00:00,29443,5,1,0,2991,4.457458844826611,137
2024-12-02,3.1.0,2021-11-05T21:01:32.577+00:00,29452,5,1,0,2992,4.457458844826611,137
2024-12-03,3.1.0,2021-11-05T21:01:32.577+00:00,29463,5,1,0,2992,4.457458844826611,137
2024-12-04,3.1.0,2021-11-05T21:01:32.577+00:00,29477,5,1,0,2992,4.457458844826611,140
2024-12-05,3.1.0,2021-11-05T21:01:32.577+00:00,29489,5,1,0,2992,4.457458844826611,140
2024-12-06,3.1.0,2021-11-05T21:01:32.577+00:00,29493,5,1,0,2992,4.457458844826611,141
2024-12-07,3.1.0,2021-11-05T21:01:32.577+00:00,29502,5,1,0.003389830508474576,2993,4.457458844826611,141
2024-12-08,3.1.0,2021-11-05T21:01:32.577+00:00,29517,5,1,0,2993,4.457458844826611,141
2024-12-09,3.1.0,2021-11-05T21:01:32.577+00:00,29532,5,1,0.003386730788769601,2993,4.457458844826611,146
2024-12-10,3.1.0,2021-11-05T21:01:32.577+00:00,29538,5,1,0,2993,4.457458844826611,146
2024-12-11,3.1.0,2021-11-05T21:01:32.577+00:00,29558,5,1,0.0033840947546531306,2993,4.457458844826611,147
2024-12-12,3.1.0,2021-11-05T21:01:32.577+00:00,29572,5,1,0,2993,4.457458844826611,147
2024-12-13,3.1.0,2021-11-05T21:01:32.577+00:00,29590,5,1,0,2993,4.457458844826611,147
2024-12-14,3.1.0,2021-11-05T21:01:32.577+00:00,29603,5,1,0.003378720816298949,2993,4.457458844826611,157
2024-12-15,3.1.0,2021-11-05T21:01:32.577+00:00,29610,5,1,0.0033773514809686245,2993,4.457458844826611,162
2024-12-16,3.1.0,2021-11-05T21:01:32.577+00:00,29621,5,1,0,2993,4.457458844826611,162
2024-12-17,3.1.0,2021-11-05T21:01:32.577+00:00,29627,5,1,0,2993,4.457458844826611,162
2024-12-17,3.1.0,2021-11-05T21:01:32.577+00:00,29629,5,1,0,2993,4.457458844826611,162
2024-12-18,3.1.0,2021-11-05T21:01:32.577+00:00,29646,5,1,0,2993,4.457458844826611,162
2024-12-19,3.1.0,2021-11-05T21:01:32.577+00:00,29658,5,1,0,2993,4.457458844826611,162
2024-12-20,3.1.0,2021-11-05T21:01:32.577+00:00,29670,5,1,0,2993,4.457458844826611,162
2024-12-21,3.1.0,2021-11-05T21:01:32.577+00:00,29680,5,1,0.0033697263782180883,2994,4.457458844826611,167
2024-12-22,3.1.0,2021-11-05T21:01:32.577+00:00,29691,5,1,0,2994,4.457458844826611,167
2024-12-23,3.1.0,2021-11-05T21:01:32.577+00:00,29701,5,1,0,2994,4.457458844826611,167
2024-12-24,3.1.0,2021-11-05T21:01:32.577+00:00,29712,5,1,0,2994,4.457458844826611,167
2024-12-25,3.1.0,2021-11-05T21:01:32.577+00:00,29721,5,1,0.0067301544570447895,2994,4.457458844826611,167
2024-12-26,3.1.0,2021-11-05T21:01:32.577+00:00,29729,5,1,0,2994,4.457458844826611,167
2024-12-27,3.1.0,2021-11-05T21:01:32.577+00:00,29733,5,1,0,2994,4.457458844826611,167
2024-12-28,3.1.0,2021-11-05T21:01:32.577+00:00,29745,5,1,0.006724723445748293,2994,4.457458844826611,167
2024-12-29,3.1.0,2021-11-05T21:01:32.577+00:00,29750,5,1,0,2994,4.457458844826611,167
2024-12-30,3.1.0,2021-11-05T21:01:32.577+00:00,29755,5,1,0,2995,4.457458844826611,167
2024-12-31,3.1.0,2021-11-05T21:01:32.577+00:00,29770,5,1,0,2995,4.457458844826611,167
2025-01-01,3.1.0,2021-11-05T21:01:32.577+00:00,29779,5,1,0,2995,4.457458844826611,167
2025-01-02,3.1.0,2021-11-05T21:01:32.577+00:00,29788,5,1,0,2995,4.457458844826611,167
2025-01-03,3.1.0,2021-11-05T21:01:32.577+00:00,29800,5,1,0.003356267830172848,2995,4.457458844826611,167
2025-01-04,3.1.0,2021-11-05T21:01:32.577+00:00,29814,5,1,0,2995,4.457458844826611,169
2025-01-05,3.1.0,2021-11-05T21:01:32.577+00:00,29820,5,1,0,2996,4.457458844826611,169
2025-01-06,3.1.0,2021-11-05T21:01:32.577+00:00,29829,5,1,0.0067053340932711975,2997,4.457458844826611,169
2025-01-07,3.1.0,2021-11-05T21:01:32.577+00:00,29844,5,1,0,2997,4.457458844826611,170
2025-01-08,3.1.0,2021-11-05T21:01:32.577+00:00,29866,5,1,0.0066981479620884824,2997,4.457458844826611,171
2025-01-09,3.1.0,2021-11-05T21:01:32.577+00:00,29878,5,1,0,2997,4.457458844826611,171
2025-01-10,3.1.0,2021-11-05T21:01:32.577+00:00,29893,5,1,0,2997,4.457458844826611,171
2025-01-11,3.1.0,2021-11-05T21:01:32.577+00:00,29900,5,1,0,2997,4.457458844826611,171
2025-01-12,3.1.0,2021-11-05T21:01:32.577+00:00,29908,5,1,0,2997,4.457458844826611,172
2025-01-13,3.1.0,2021-11-05T21:01:32.577+00:00,29913,5,1,0.0033431398769724523,2997,4.457458844826611,172
2025-01-14,3.1.0,2021-11-05T21:01:32.577+00:00,29922,5,1,0,2997,4.457458844826611,172
2025-01-15,3.1.0,2021-11-05T21:01:32.577+00:00,29932,5,1,0,2997,4.457458844826611,172
2025-01-16,3.1.0,2021-11-05T21:01:32.577+00:00,29940,5,1,0,2997,4.457458844826611,173
2025-01-17,3.1.0,2021-11-05T21:01:32.577+00:00,29951,5,1,0,2997,4.457458844826611,178
2025-01-18,3.1.0,2021-11-05T21:01:32.577+00:00,29960,5,1,0,2998,4.457458844826611,179
2025-01-19,3.1.0,2021-11-05T21:01:32.577+00:00,29969,5,1,0,2998,4.457458844826611,179
2025-01-20,3.1.0,2021-11-05T21:01:32.577+00:00,29976,5,1,0,2998,4.457458844826611,179
2025-01-21,3.1.0,2021-11-05T21:01:32.577+00:00,29985,5,1,0,2998,4.457458844826611,179
2025-01-22,3.1.0,2021-11-05T21:01:32.577+00:00,29993,5,1,0,3000,4.457458844826611,179
2025-01-23,3.1.0,2021-11-05T21:01:32.577+00:00,30003,5,1,0,3000,4.457458844826611,188
2025-01-24,3.1.0,2021-11-05T21:01:32.577+00:00,30020,5,1,0,3000,4.457458844826611,188
2025-01-25,3.1.0,2021-11-05T21:01:32.577+00:00,30027,5,1,0,3000,4.457458844826611,188
2025-01-26,3.1.0,2021-11-05T21:01:32.577+00:00,30033,5,1,0,3000,4.457458844826611,188
2025-01-27,3.1.0,2021-11-05T21:01:32.577+00:00,30042,5,1,0,3000,4.457458844826611,188
2025-01-28,3.1.0,2021-11-05T21:01:32.577+00:00,30057,5,1,0,3000,4.457458844826611,188
2025-01-29,3.1.0,2021-11-05T21:01:32.577+00:00,30068,5,1,0.006652253450856478,3000,4.457458844826611,188
2025-01-30,3.1.0,2021-11-05T21:01:32.577+00:00,30079,5,1,0,3000,4.457458844826611,188
2025-01-31,3.1.0,2021-11-05T21:01:32.577+00:00,30092,5,1,0,3000,4.457458844826611,189
2025-02-01,3.1.0,2021-11-05T21:01:32.577+00:00,30109,5,1,0.0033220384027639357,3000,4.457458844826611,189
2025-02-02,3.1.0,2021-11-05T21:01:32.577+00:00,30114,5,1,0.0033209351753453772,3000,4.457458844826611,190
2025-02-03,3.1.0,2021-11-05T21:01:32.577+00:00,30120,5,1,0,3000,4.457458844826611,191
2025-02-04,3.1.0,2021-11-05T21:01:32.577+00:00,30131,5,1,0,3000,4.457458844826611,193
2025-02-05,3.1.0,2021-11-05T21:01:32.577+00:00,30136,5,1,0,3000,4.457458844826611,194
2025-02-06,3.1.0,2021-11-05T21:01:32.577+00:00,30149,5,1,0,3000,4.457458844826611,194
2025-02-07,3.1.0,2021-11-05T21:01:32.577+00:00,30165,5,1,0,3000,4.457458844826611,194
2025-02-08,3.1.0,2021-11-05T21:01:32.577+00:00,30177,5,1,0,3000,4.457458844826611,194
2025-02-09,3.1.0,2021-11-05T21:01:32.577+00:00,30184,5,1,0,3000,4.457458844826611,194
2025-02-10,3.1.0,2021-11-05T21:01:32.577+00:00,30193,5,1,0,3000,4.457458844826611,194
2025-02-11,3.1.0,2021-11-05T21:01:32.577+00:00,30204,5,1,0,3000,4.457458844826611,195
2025-02-12,3.1.0,2021-11-05T21:01:32.577+00:00,30213,5,1,0,3000,4.457458844826611,195
2025-02-13,3.1.0,2021-11-05T21:01:32.577+00:00,30225,5,1,0,3000,4.457458844826611,201
2025-02-14,3.1.0,2021-11-05T21:01:32.577+00:00,30231,5,1,0,3000,4.457458844826611,209
2025-02-15,3.1.0,2021-11-05T21:01:32.577+00:00,30241,5,1,0,3000,4.457458844826611,215
2025-02-16,3.1.0,2021-11-05T21:01:32.577+00:00,30245,5,1,0,3000,4.457458844826611,215
2025-02-17,3.1.0,2021-11-05T21:01:32.577+00:00,30248,5,1,0,3000,4.457458844826611,215
2025-02-18,3.1.0,2021-11-05T21:01:32.577+00:00,30264,5,1,0,3000,4.457458844826611,215
2025-02-19,3.1.0,2021-11-05T21:01:32.577+00:00,30275,5,1,0,3000,4.457458844826611,215
2025-02-20,3.1.0,2021-11-05T21:01:32.577+00:00,30286,5,1,0,3000,4.457458844826611,215
2025-02-21,3.1.0,2021-11-05T21:01:32.577+00:00,30300,5,1,0,3001,4.457458844826611,215
2025-02-22,3.1.0,2021-11-05T21:01:32.577+00:00,30315,5,1,0,3001,4.457458844826611,215
2025-02-23,3.1.0,2021-11-05T21:01:32.577+00:00,30321,5,1,0.0032980442597539657,3001,4.457458844826611,215
2025-02-24,3.1.0,2021-11-05T21:01:32.577+00:00,30329,5,1,0,3001,4.457458844826611,215
2025-02-25,3.1.0,2021-11-05T21:01:32.577+00:00,30341,5,1,0,3001,4.457458844826611,215
2025-02-26,3.1.0,2021-11-05T21:01:32.577+00:00,30354,5,1,0.0032946758039008963,3001,4.457458844826611,215
2025-02-27,3.1.0,2021-11-05T21:01:32.577+00:00,30364,5,1,0,3001,4.457458844826611,215
2025-02-28,3.1.0,2021-11-05T21:01:32.577+00:00,30378,5,1,0.003292181069958848,3001,4.457458844826611,216
2025-03-01,3.1.0,2021-11-05T21:01:32.577+00:00,30384,5,1,0,3001,4.457458844826611,221
2025-03-02,3.1.0,2021-11-05T21:01:32.577+00:00,30390,5,1,0,3001,4.457458844826611,221
2025-03-03,3.1.0,2021-11-05T21:01:32.577+00:00,30398,5,1,0,3002,4.457458844826611,221
2025-03-04,3.1.0,2021-11-05T21:01:32.577+00:00,30409,5,1,0,3002,4.457458844826611,221
2025-03-05,3.1.0,2021-11-05T21:01:32.577+00:00,30421,5,1,0,3002,4.457458844826611,221
2025-03-06,3.1.0,2021-11-05T21:01:32.577+00:00,30434,5,1,0.003286446693834626,3002,4.457458844826611,221
2025-03-07,3.1.0,2021-11-05T21:01:32.577+00:00,30440,5,1,0.003285259042675515,3002,4.457458844826611,221
2025-03-08,3.1.0,2021-11-05T21:01:32.577+00:00,30451,5,1,0.0032845037114891938,3002,4.457458844826611,221
2025-03-09,3.1.0,2021-11-05T21:01:32.577+00:00,30456,5,1,0,3002,4.457458844826611,221
2025-03-10,3.1.0,2021-11-05T21:01:32.577+00:00,30462,5,1,0,3002,4.457458844826611,221
2025-03-11,3.1.0,2021-11-05T21:01:32.577+00:00,30470,5,1,0,3002,4.457458844826611,221
2025-03-12,3.1.0,2021-11-05T21:01:32.577+00:00,30483,5,1,0,3002,4.457458844826611,222
2025-03-13,3.1.0,2021-11-05T21:01:32.577+00:00,30491,5,1,0,3002,4.457458844826611,224
2025-03-14,3.1.0,2021-11-05T21:01:32.577+00:00,30503,5,1,0,3002,4.457458844826611,225
2025-03-15,3.1.0,2021-11-05T21:01:32.577+00:00,30508,5,1,0,3002,4.457458844826611,226
2025-03-16,3.1.0,2021-11-05T21:01:32.577+00:00,30522,5,1,0,3002,4.457458844826611,228
2025-03-17,3.1.0,2021-11-05T21:01:32.577+00:00,30532,5,1,0,3002,4.457458844826611,229
2025-03-18,3.1.0,2021-11-05T21:01:32.577+00:00,30542,5,1,0,3002,4.457458844826611,229
2025-03-19,3.1.0,2021-11-05T21:01:32.577+00:00,30553,5,1,0,3002,4.457458844826611,231
2025-03-20,3.1.0,2021-11-05T21:01:32.577+00:00,30565,5,1,0.0032721442361179284,3002,4.457458844826611,232
2025-03-21,3.1.0,2021-11-05T21:01:32.577+00:00,30572,5,1,0,3002,4.457458844826611,233
2025-03-22,3.1.0,2021-11-05T21:01:32.577+00:00,30577,5,1,0,3002,4.457458844826611,235
2025-03-23,3.1.0,2021-11-05T21:01:32.577+00:00,30584,5,1,0,3002,4.457458844826611,235
2025-03-24,3.1.0,2021-11-05T21:01:32.577+00:00,30592,5,1,0,3002,4.457458844826611,235
2025-03-25,3.1.0,2021-11-05T21:01:32.577+00:00,30605,5,1,0,3002,4.457458844826611,235
2025-03-26,3.1.0,2021-11-05T21:01:32.577+00:00,30614,5,1,0,3002,4.457458844826611,236
2025-03-27,3.1.0,2021-11-05T21:01:32.577+00:00,30623,5,1,0,3002,4.457458844826611,237
2025-03-28,3.1.0,2021-11-05T21:01:32.577+00:00,30641,5,1,0.009793040412613436,3003,4.457458844826611,237
2025-03-29,3.1.0,2021-11-05T21:01:32.577+00:00,30650,5,1,0,3003,4.457458844826611,240
2025-03-30,3.1.0,2021-11-05T21:01:32.577+00:00,30657,5,1,0,3003,4.457458844826611,242
2025-03-31,3.1.0,2021-11-05T21:01:32.577+00:00,30668,5,1,0.006522518996836578,3003,4.457458844826611,244
2025-04-01,3.1.0,2021-11-05T21:01:32.577+00:00,30675,5,1,0,3003,4.457458844826611,246
2025-04-02,3.1.0,2021-11-05T21:01:32.577+00:00,30686,5,1,0,3003,4.457458844826611,247
2025-04-03,3.1.0,2021-11-05T21:01:32.577+00:00,30701,5,1,0,3003,4.457458844826611,249
2025-04-04,3.1.0,2021-11-05T21:01:32.577+00:00,30713,5,1,0,3003,4.457458844826611,250
2025-04-05,3.1.0,2021-11-05T21:01:32.577+00:00,30722,5,1,0,3004,4.457458844826611,251
2025-04-06,3.1.0,2021-11-05T21:01:32.577+00:00,30726,5,1,0,3004,4.457458844826611,252
2025-04-07,3.1.0,2021-11-05T21:01:32.577+00:00,30736,5,1,0,3004,4.457458844826611,253
2025-04-08,3.1.0,2021-11-05T21:01:32.577+00:00,30748,5,1,0,3004,4.457458844826611,255
2025-04-09,3.1.0,2021-11-05T21:01:32.577+00:00,30756,5,1,0.006503007641033978,3004,4.457458844826611,257
2025-04-10,3.1.0,2021-11-05T21:01:32.577+00:00,30768,5,1,0,3004,4.457458844826611,257
2025-04-11,3.1.0,2021-11-05T21:01:32.577+00:00,30779,5,1,0,3004,4.457458844826611,259
2025-04-12,3.1.0,2021-11-05T21:01:32.577+00:00,30788,5,1,0,3005,4.457458844826611,260
2025-04-13,3.1.0,2021-11-05T21:01:32.577+00:00,30796,5,1,0,3005,4.457458844826611,263
2025-04-14,3.1.0,2021-11-05T21:01:32.577+00:00,30802,5,1,0,3005,4.457458844826611,265
2025-04-15,3.1.0,2021-11-05T21:01:32.577+00:00,30809,5,1,0.003246226261970459,3005,4.457458844826611,266
2025-04-16,3.1.0,2021-11-05T21:01:32.577+00:00,30823,5,1,0,3005,4.457458844826611,268
2025-04-17,3.1.0,2021-11-05T21:01:32.577+00:00,30829,5,1,0.0032440147927074547,3005,4.457458844826611,269
2025-04-18,3.1.0,2021-11-05T21:01:32.577+00:00,30835,5,1,0.003243173120581177,3005,4.457458844826611,270
2025-04-19,3.1.0,2021-11-05T21:01:32.577+00:00,30839,5,1,0,3005,4.457458844826611,271
2025-04-20,3.1.0,2021-11-05T21:01:32.577+00:00,30849,5,1,0,3005,4.457458844826611,272
2025-04-21,3.1.0,2021-11-05T21:01:32.577+00:00,30855,5,1,0.0032412809542331127,3005,4.457458844826611,273
2025-04-22,3.1.0,2021-11-05T21:01:32.577+00:00,30860,5,1,0,3005,4.457458844826611,274
2025-04-23,3.1.0,2021-11-05T21:01:32.577+00:00,30867,5,1,0.0064796215900991385,3005,4.457458844826611,275
2025-04-24,3.1.0,2021-11-05T21:01:32.577+00:00,30873,5,1,0,3005,4.457458844826611,275
2025-04-25,3.1.0,2021-11-05T21:01:32.577+00:00,30882,5,1,0,3005,4.457458844826611,276
2025-04-26,3.1.0,2021-11-05T21:01:32.577+00:00,30885,5,1,0,3005,4.457458844826611,277
2025-04-27,3.1.0,2021-11-05T21:01:32.577+00:00,30890,5,1,0,3005,4.457458844826611,277
2025-04-28,3.1.0,2021-11-05T21:01:32.577+00:00,30893,5,1,0,3005,4.457458844826611,278
2025-04-29,3.1.0,2021-11-05T21:01:32.577+00:00,30902,5,1,0,3005,4.457458844826611,280
2025-04-30,3.1.0,2021-11-05T21:01:32.577+00:00,30909,5,1,0,3005,4.457458844826611,282
2025-05-01,3.1.0,2021-11-05T21:01:32.577+00:00,30921,5,1,0.006468514505643779,3005,4.457458844826611,283
2025-05-02,3.1.0,2021-11-05T21:01:32.577+00:00,30928,5,1,0,3005,4.457458844826611,284
2025-05-03,3.1.0,2021-11-05T21:01:32.577+00:00,30937,5,1,0,3005,4.457458844826611,286
2025-05-04,3.1.0,2021-11-05T21:01:32.577+00:00,30939,5,1,0,3005,4.457458844826611,287
2025-05-05,3.1.0,2021-11-05T21:01:32.577+00:00,30947,5,1,0,3006,4.457458844826611,288
2025-05-06,3.1.0,2021-11-05T21:01:32.577+00:00,30952,5,1,0,3007,4.457458844826611,295
2025-05-07,3.1.0,2021-11-05T21:01:32.577+00:00,30962,5,1,0,3007,4.457458844826611,296
2025-05-08,3.1.0,2021-11-05T21:01:32.577+00:00,30973,5,1,0,3007,4.457458844826611,297
2025-05-09,3.1.0,2021-11-05T21:01:32.577+00:00,30985,5,1,0,3007,4.457458844826611,299
2025-05-10,3.1.0,2021-11-05T21:01:32.577+00:00,30990,5,1,0,3007,4.457458844826611,300
2025-05-11,3.1.0,2021-11-05T21:01:32.577+00:00,30999,5,1,0,3007,4.457458844826611,301
2025-05-12,3.1.0,2021-11-05T21:01:32.577+00:00,31005,5,1,0,3007,4.457458844826611,302
2025-05-13,3.1.0,2021-11-05T21:01:32.577+00:00,31016,5,1,0.003224246332419797,3007,4.457458844826611,303
2025-05-14,3.1.0,2021-11-05T21:01:32.577+00:00,31031,5,1,0,3007,4.457458844826611,304
2025-05-15,3.1.0,2021-11-05T21:01:32.577+00:00,31042,5,1,0,3008,4.457458844826611,304
2025-05-16,3.1.0,2021-11-05T21:01:32.577+00:00,31051,5,1,0,3008,4.457458844826611,305
2025-05-17,3.1.0,2021-11-05T21:01:32.577+00:00,31061,5,1,0.0032195750160978753,3008,4.457458844826611,306
2025-05-18,3.1.0,2021-11-05T21:01:32.577+00:00,31074,5,1,0,3008,4.457458844826611,306
2025-05-19,3.1.0,2021-11-05T21:01:32.577+00:00,31077,5,1,0,3008,4.457458844826611,306
2025-05-20,3.1.0,2021-11-05T21:01:32.577+00:00,31085,5,1,0.006434592368573451,3008,4.457458844826611,308
2025-05-21,3.1.0,2021-11-05T21:01:32.577+00:00,31095,5,1,0.0032164683177870698,3008,4.457458844826611,309
2025-05-22,3.1.0,2021-11-05T21:01:32.577+00:00,31106,5,1,0,3008,4.457458844826611,309
2025-05-23,3.1.0,2021-11-05T21:01:32.577+00:00,31118,5,1,0,3008,4.457458844826611,310
2025-05-24,3.1.0,2021-11-05T21:01:32.577+00:00,31126,5,1,0,3008,4.457458844826611,311
2025-05-25,3.1.0,2021-11-05T21:01:32.577+00:00,31132,5,1,0,3008,4.457458844826611,311
2025-05-26,3.1.0,2021-11-05T21:01:32.577+00:00,31140,5,1,0,3008,4.457458844826611,311
2025-05-27,3.1.0,2021-11-05T21:01:32.577+00:00,31145,5,1,0,3008,4.457458844826611,312
2025-05-28,3.1.0,2021-11-05T21:01:32.577+00:00,31155,5,1,0,3009,4.457458844826611,314
2025-05-29,3.1.0,2021-11-05T21:01:32.577+00:00,31167,5,1,0,3010,4.457458844826611,316
2025-05-31,3.1.0,2021-11-05T21:01:32.577+00:00,31179,5,1,0,3010,4.457458844826611,318
2025-06-01,3.1.0,2021-11-05T21:01:32.577+00:00,31186,5,1,0,3010,4.457458844826611,319
2025-06-02,3.1.0,2021-11-05T21:01:32.577+00:00,31193,5,1,0,3010,4.457458844826611,320
2025-06-03,3.1.0,2021-11-05T21:01:32.577+00:00,31200,5,1,0,3010,4.457458844826611,320
2025-06-04,3.1.0,2021-11-05T21:01:32.577+00:00,31206,5,1,0,3010,4.457458844826611,320
2025-06-05,3.1.0,2021-11-05T21:01:32.577+00:00,31220,5,1,0.0032034853921066118,3010,4.457458844826611,320
2025-06-06,3.1.0,2021-11-05T21:01:32.577+00:00,31231,5,1,0,3010,4.457458844826611,320
2025-06-07,3.1.0,2021-11-05T21:01:32.577+00:00,31238,5,1,0,3010,4.457458844826611,321
2025-06-08,3.1.0,2021-11-05T21:01:32.577+00:00,31243,5,1,0,3010,4.457458844826611,322
2025-06-09,3.1.0,2021-11-05T21:01:32.577+00:00,31247,5,1,0.0032006145179874538,3010,4.457458844826611,324
2025-06-10,3.1.0,2021-11-05T21:01:32.577+00:00,31255,5,1,0,3010,4.457458844826611,325
2025-06-11,3.1.0,2021-11-05T21:01:32.577+00:00,31263,5,1,0,3010,4.457458844826611,327
2025-06-12,3.1.0,2021-11-05T21:01:32.577+00:00,31275,5,1,0,3010,4.457458844826611,328
2025-06-13,3.1.0,2021-11-05T21:01:32.577+00:00,31288,5,1,0.0031963178418461928,3011,4.457458844826611,328
2025-06-14,3.1.0,2021-11-05T21:01:32.577+00:00,31291,5,1,0,3011,4.457458844826611,328
2025-06-15,3.1.0,2021-11-05T21:01:32.577+00:00,31292,5,1,0,3011,4.457458844826611,329
2025-06-16,3.1.0,2021-11-05T21:01:32.577+00:00,31298,5,1,0,3011,4.457458844826611,331
2025-06-17,3.1.0,2021-11-05T21:01:32.577+00:00,31305,5,1,0,3011,4.457458844826611,331
2025-06-18,3.1.0,2021-11-05T21:01:32.577+00:00,31309,5,1,0,3012,4.457458844826611,331
2025-06-19,3.1.0,2021-11-05T21:01:32.577+00:00,31315,5,1,0,3012,4.457458844826611,332
2025-06-20,3.1.0,2021-11-05T21:01:32.577+00:00,31319,5,1,0.003193255843658194,3012,4.457458844826611,333
2025-06-21,3.1.0,2021-11-05T21:01:32.577+00:00,31324,5,1,0,3012,4.457458844826611,334
2025-06-22,3.1.0,2021-11-05T21:01:32.577+00:00,31325,5,1,0,3012,4.457458844826611,335
2025-06-23,3.1.0,2021-11-05T21:01:32.577+00:00,31328,5,1,0.003192236480878503,3012,4.457458844826611,337
2025-06-24,3.1.0,2021-11-05T21:01:32.577+00:00,31332,5,1,0,3013,4.457458844826611,338
2025-06-25,3.1.0,2021-11-05T21:01:32.577+00:00,31338,5,1,0,3013,4.457458844826611,339
2025-06-26,3.1.0,2021-11-05T21:01:32.577+00:00,31345,5,1,0,3013,4.457458844826611,339
2025-06-27,3.1.0,2021-11-05T21:01:32.577+00:00,31351,5,1,0,3013,4.457458844826611,340
2025-06-28,3.1.0,2021-11-05T21:01:32.577+00:00,31359,5,1,0,3013,4.457458844826611,343
2025-06-29,3.1.0,2021-11-05T21:01:32.577+00:00,31365,5,1,0,3013,4.457458844826611,345
2025-06-30,3.1.0,2021-11-05T21:01:32.577+00:00,31372,5,1,0,3013,4.457458844826611,346
2025-07-01,3.1.0,2021-11-05T21:01:32.577+00:00,31375,5,1,0.0031874541803461574,3013,4.457458844826611,348
2025-07-02,3.1.0,2021-11-05T21:01:32.577+00:00,31381,5,1,0,3013,4.457458844826611,348
2025-07-03,3.1.0,2021-11-05T21:01:32.577+00:00,31387,5,1,0,3013,4.457458844826611,348
2025-07-04,3.1.0,2021-11-05T21:01:32.577+00:00,31392,5,1,0,3013,4.457458844826611,348
2025-07-05,3.1.0,2021-11-05T21:01:32.577+00:00,31395,5,1,0,3013,4.457458844826611,350
2025-07-06,3.1.0,2021-11-05T21:01:32.577+00:00,31399,5,1,0,3013,4.457458844826611,350
2025-07-07,3.1.0,2021-11-05T21:01:32.577+00:00,31403,5,1,0,3013,4.457458844826611,352
2025-07-08,3.1.0,2021-11-05T21:01:32.577+00:00,31407,5,1,0,3013,4.457458844826611,353
2025-07-09,3.1.0,2021-11-05T21:01:32.577+00:00,31414,5,1,0.003183598102575531,3013,4.457458844826611,354
2025-07-10,3.1.0,2021-11-05T21:01:32.577+00:00,31416,5,1,0,3013,4.457458844826611,355
2025-07-11,3.1.0,2021-11-05T21:01:32.577+00:00,31424,5,1,0,3014,4.457458844826611,357
2025-07-12,3.1.0,2021-11-05T21:01:32.577+00:00,31429,5,1,0,3014,4.457458844826611,359
2025-07-13,3.1.0,2021-11-05T21:01:32.577+00:00,31431,5,1,0,3014,4.457458844826611,361
2025-07-14,3.1.0,2021-11-05T21:01:32.577+00:00,31438,5,1,0,3014,4.457458844826611,362
2025-07-15,3.1.0,2021-11-05T21:01:32.577+00:00,31440,5,1,0,3014,4.457458844826611,363
2025-07-16,3.1.0,2021-11-05T21:01:32.577+00:00,31446,5,1,0,3014,4.506890008909384,364
2025-07-17,3.1.0,2021-11-05T21:01:32.577+00:00,31449,5,1,0,3015,4.5068142526774295,366
2025-07-18,3.1.0,2021-11-05T21:01:32.577+00:00,31455,5,1,0,3015,4.506933852883458,367
2025-07-19,3.1.0,2021-11-05T21:01:32.577+00:00,31460,5,1,0,3015,4.507024111780847,368
2025-07-20,3.1.0,2021-11-05T21:01:32.577+00:00,31466,5,1,0,3016,4.507082722845825,369
2025-07-21,3.1.0,2021-11-05T21:01:32.577+00:00,31469,5,1,0,3016,4.507118074792466,370
2025-07-22,3.1.0,2021-11-05T21:01:32.577+00:00,31477,5,1,0,3016,4.506977250323258,371
2025-07-23,3.1.0,2021-11-05T21:01:32.577+00:00,31482,5,1,0,3016,4.5070079196594115,371
2025-07-24,3.1.0,2021-11-05T21:01:32.577+00:00,31496,5,1,0,3016,4.506856025698665,372
2025-07-25,3.1.0,2021-11-05T21:01:32.577+00:00,31503,5,1,0,3016,4.506983610038388,372
2025-07-26,3.1.0,2021-11-05T21:01:32.577+00:00,31506,5,1,0,3016,4.506716345929663,374
2025-07-27,3.1.0,2021-11-05T21:01:32.577+00:00,31508,5,1,0,3016,4.506677581001906,374
2025-07-28,3.1.0,2021-11-05T21:01:32.577+00:00,31511,5,1,0,3016,4.506449370510543,376
2025-07-30,3.1.0,2021-11-05T21:01:32.577+00:00,31519,5,1,0,3016,4.506496968336526,378
2025-07-31,3.1.0,2021-11-05T21:01:32.577+00:00,31525,5,1,0,3016,4.506597315179562,379
2025-08-01,3.1.0,2021-11-05T21:01:32.577+00:00,31530,5,1,0,3016,4.506627838898314,380
2025-08-02,3.1.0,2021-11-05T21:01:32.577+00:00,31534,5,1,0,3018,4.506614493621113,381
2025-08-03,3.1.0,2021-11-05T21:01:32.577+00:00,31543,5,1,0.0031705770450221942,3018,4.5066231974570385,382
2025-08-04,3.1.0,2021-11-05T21:01:32.577+00:00,31546,5,1,0,3018,4.506558428828571,383
2025-08-05,3.1.0,2021-11-05T21:01:32.577+00:00,31552,5,1,0,3018,4.506373357355889,385
2025-08-06,3.1.0,2021-11-05T21:01:32.577+00:00,31560,5,1,0,3018,4.506202596530413,387
2025-08-07,3.1.0,2021-11-05T21:01:32.577+00:00,31563,5,1,0,3018,4.506163893788434,389
2025-08-08,3.1.0,2021-11-05T21:01:32.577+00:00,31576,5,1,0,3019,4.505956060277832,390
2025-08-09,3.1.0,2021-11-05T21:01:32.577+00:00,31576,5,1,0,3019,4.505853068455659,391
2025-08-10,3.1.0,2021-11-05T21:01:32.577+00:00,31577,5,1,0,3019,4.505787951791932,391
2025-08-11,3.1.0,2021-11-05T21:01:32.577+00:00,31584,5,1,0,3019,4.50580937826833,392
2025-08-12,3.1.0,2021-11-05T21:01:32.577+00:00,31591,5,1,0.0031658593725266727,3019,4.505786680960249,392
2025-08-13,3.1.0,2021-11-05T21:01:32.577+00:00,31597,5,1,0.003165057762304162,3019,4.505734519333794,394
2025-08-14,3.1.0,2021-11-05T21:01:32.577+00:00,31604,5,1,0,3019,4.505697302565006,395
2025-08-15,3.1.0,2021-11-05T21:01:32.577+00:00,31612,5,1,0,3019,4.50552836250403,396
2025-08-16,3.1.0,2021-11-05T21:01:32.577+00:00,31614,5,1,0,3020,4.50550139275766,396
2025-08-17,3.1.0,2021-11-05T21:01:32.577+00:00,31620,5,1,0,3020,4.5054302422723485,397
2025-08-18,3.1.0,2021-11-05T21:01:32.577+00:00,31626,5,1,0,3020,4.505399518833455,398
2025-08-19,3.1.0,2021-11-05T21:01:32.577+00:00,31634,5,1,0,3020,4.505447108093442,398
2025-08-20,3.1.0,2021-11-05T21:01:32.577+00:00,31645,5,1,0,3020,4.505292468543868,399
2025-08-21,3.1.0,2021-11-05T21:01:32.577+00:00,31650,5,1,0,3020,4.505224112103122,399
2025-08-22,3.1.0,2021-11-05T21:01:32.577+00:00,31658,5,1,0,3020,4.505045663268367,399
2025-08-23,3.1.0,2021-11-05T21:01:32.577+00:00,31660,5,1,0,3020,4.5050378787878795,399
2025-08-24,3.1.0,2021-11-05T21:01:32.577+00:00,31661,5,1,0,3020,4.5049509949641156,399
2025-08-25,3.1.0,2021-11-05T21:01:32.577+00:00,31666,5,1,0,3020,4.5050437045342555,401
2025-08-26,3.1.0,2021-11-05T21:01:32.577+00:00,31672,5,1,0,3020,4.504972162449199,403
2025-08-27,3.1.0,2021-11-05T21:01:32.577+00:00,31685,5,1,0,3020,4.505014221881524,403
2025-08-28,3.1.0,2021-11-05T21:01:32.577+00:00,31693,5,1,0,3020,4.505217437864772,404
2025-08-29,3.1.0,2021-11-05T21:01:32.577+00:00,31704,5,1,0,3020,4.505162985654945,404
2025-08-30,3.1.0,2021-11-05T21:01:32.577+00:00,31708,5,1,0,3020,4.505064698638318,405
2025-08-31,3.1.0,2021-11-05T21:01:32.577+00:00,31715,5,1,0,3020,4.50511768247531,406
2025-09-01,3.1.0,2021-11-05T21:01:32.577+00:00,31718,5,1,0,3020,4.5049876095953305,406
2025-09-02,3.1.0,2021-11-05T21:01:32.577+00:00,31729,5,1,0,3021,4.504922670690306,406
2025-09-03,3.1.0,2021-11-05T21:01:32.577+00:00,31741,5,1,0.003151095005514416,3022,4.505083463315984,407
2025-09-04,3.1.0,2021-11-05T21:01:32.577+00:00,31753,5,1,0.0031494079113126737,3022,4.505082543828735,408
2025-09-05,3.1.0,2021-11-05T21:01:32.577+00:00,31764,5,1,0.003148713750432948,3022,4.505061598851102,409
2025-09-06,3.1.0,2021-11-05T21:01:32.577+00:00,31769,5,1,0.003147920798312714,3022,4.50515087277021,410
2025-09-07,3.1.0,2021-11-05T21:01:32.577+00:00,31776,5,1,0,3022,4.5051488940028825,411
2025-09-08,3.1.0,2021-11-05T21:01:32.577+00:00,31781,5,1,0,3022,4.505089335515926,412
2025-09-09,3.1.0,2021-11-05T21:01:32.577+00:00,31787,5,1,0,3023,4.505177333876885,412
2025-09-10,3.1.0,2021-11-05T21:01:32.577+00:00,31797,5,1,0.0031454453950679417,3023,4.5051922528390485,412
2025-09-11,3.1.0,2021-11-05T21:01:32.577+00:00,31808,5,1,0,3023,4.505127997859445,413
2025-09-12,3.1.0,2021-11-05T21:01:32.577+00:00,31814,5,1,0.00314346787375833,3023,4.50480846595566,415
2025-09-13,3.1.0,2021-11-05T21:01:32.577+00:00,31822,5,1,0,3023,4.504753512642761,416
2025-09-14,3.1.0,2021-11-05T21:01:32.577+00:00,31826,5,1,0,3023,4.503857207684161,418
2025-09-15,3.1.0,2021-11-05T21:01:32.577+00:00,31829,5,1,0,3023,4.504661042392218,419
2025-09-16,3.1.0,2021-11-05T21:01:32.577+00:00,31836,5,1,0,3023,4.504608467778233,420
2025-09-17,3.1.0,2021-11-05T21:01:32.577+00:00,31847,5,1,0,3023,4.50459859820705,420
2025-09-18,3.1.0,2021-11-05T21:01:32.577+00:00,31855,5,1,0,3023,4.504572280506489,420
2025-09-19,3.1.0,2021-11-05T21:01:32.577+00:00,31861,5,1,0,3023,4.504527285464361,420
2025-09-20,3.1.0,2021-11-05T21:01:32.577+00:00,31869,5,1,0,3023,4.504538525974649,420
2025-09-21,3.1.0,2021-11-05T21:01:32.577+00:00,31874,5,1,0,3023,4.5046592445739915,420
2025-09-22,3.1.0,2021-11-05T21:01:32.577+00:00,31876,5,1,0,3023,4.50467784157976,420
2025-09-23,3.1.0,2021-11-05T21:01:32.577+00:00,31887,5,1,0.006273525721455457,3023,4.504754800486738,420
2025-09-24,3.1.0,2021-11-05T21:01:32.577+00:00,31897,5,1,0.0031352876626430477,3023,4.504736374546077,420
2025-09-25,3.1.0,2021-11-05T21:01:32.577+00:00,31901,5,1,0,3023,4.504487972358701,420
2025-09-26,3.1.0,2021-11-05T21:01:32.577+00:00,31909,5,1,0,3023,4.50421885743326,420
2025-09-27,3.1.0,2021-11-05T21:01:32.577+00:00,31914,5,1,0,3023,4.504082430484139,420
2025-09-28,3.1.0,2021-11-05T21:01:32.577+00:00,31921,5,1,0,3024,4.504095458217115,420
2025-09-29,3.1.0,2021-11-05T21:01:32.577+00:00,31922,5,1,0,3024,4.5040502140680765,420
2025-09-30,3.1.0,2021-11-05T21:01:32.577+00:00,31925,5,1,0,3024,4.503942252852745,420
2025-10-01,3.1.0,2021-11-05T21:01:32.577+00:00,31933,5,1,0.009395258526197112,3024,4.503485744656382,420
2025-10-02,3.1.0,2021-11-05T21:01:32.577+00:00,31939,5,1,0,3025,4.503283812080204,420
2025-10-03,3.1.0,2021-11-05T21:01:32.577+00:00,31951,5,1,0,3025,4.503087268827434,420
2025-10-04,3.1.0,2021-11-05T21:01:32.577+00:00,31958,5,1,0,3025,4.502843430688195,420
2025-10-05,3.1.0,2021-11-05T21:01:32.577+00:00,31961,5,1,0,3025,4.502744056612261,420
2025-10-06,3.1.0,2021-11-05T21:01:32.577+00:00,31965,5,1,0,3026,4.502731484554257,420
2025-10-07,3.1.0,2021-11-05T21:01:32.577+00:00,31969,5,1,0.0031282259830450153,3026,4.5024929916581975,420
2025-10-08,3.1.0,2021-11-05T21:01:32.577+00:00,31972,5,1,0.0031277367696734646,3026,4.502355024517172,420
2025-10-09,3.1.0,2021-11-05T21:01:32.577+00:00,31984,5,1,0.0031269543464665416,3026,4.502324123171713,420
2025-10-10,3.1.0,2021-11-05T21:01:32.577+00:00,31995,5,1,0,3026,4.502013816814504,420
2025-10-11,3.1.0,2021-11-05T21:01:32.577+00:00,32004,5,1,0.006249609399412537,3026,4.501903946045783,420
2025-10-12,3.1.0,2021-11-05T21:01:32.577+00:00,32007,5,1,0,3026,4.501811375624545,420
2025-10-13,3.1.0,2021-11-05T21:01:32.577+00:00,32012,5,1,0,3026,4.5018409673846005,420
2025-10-14,3.1.0,2021-11-05T21:01:32.577+00:00,32021,5,1,0,3026,4.501612091365448,420
2025-10-15,3.1.0,2021-11-05T21:01:32.577+00:00,32026,5,1,0.0031226580064951286,3026,4.501423409681163,420
2025-10-16,3.1.0,2021-11-05T21:01:32.577+00:00,32035,5,1,0,3026,4.501758470439654,420
2025-10-17,3.1.0,2021-11-05T21:01:32.577+00:00,32045,5,1,0,3026,4.501786436668736,420
2025-10-18,3.1.0,2021-11-05T21:01:32.577+00:00,32050,5,1,0.006240639041437844,3026,4.50175804703972,420
2025-10-19,3.1.0,2021-11-05T21:01:32.577+00:00,32059,5,1,0,3026,4.501743029117968,420
2025-10-20,3.1.0,2021-11-05T21:01:32.577+00:00,32062,5,1,0,3026,4.501692597615923,420
2025-10-21,3.1.0,2021-11-05T21:01:32.577+00:00,32070,5,1,0,3026,4.501594409390053,420
2025-10-22,3.1.0,2021-11-05T21:01:32.577+00:00,32074,5,1,0,3026,4.501526938299115,420
2025-10-23,3.1.0,2021-11-05T21:01:32.577+00:00,32083,5,1,0,3026,4.5015096151298,421
2025-10-24,3.1.0,2021-11-05T21:01:32.577+00:00,32094,5,1,0,3026,4.501638370709788,421
2025-10-25,3.1.0,2021-11-05T21:01:32.577+00:00,32098,5,1,0,3026,4.501697687278245,421
2025-10-26,3.1.0,2021-11-05T21:01:32.577+00:00,32105,5,1,0,3026,4.5016336650728075,421
2025-10-27,3.1.0,2021-11-05T21:01:32.577+00:00,32112,5,1,0,3026,4.501583018617087,421
2025-10-28,3.1.0,2021-11-05T21:01:32.577+00:00,32118,5,1,0,3026,4.50166417558237,421
2025-10-29,3.1.0,2021-11-05T21:01:32.577+00:00,32124,5,1,0,3026,4.501779600232769,421
2025-10-30,3.1.0,2021-11-05T21:01:32.577+00:00,32128,5,1,0,3026,4.501845506255291,421
2025-10-31,3.1.0,2021-11-05T21:01:32.577+00:00,32141,5,1,0,3026,4.501806456291378,421
2025-11-01,3.1.0,2021-11-05T21:01:32.577+00:00,32151,5,1,0,3026,4.502015014313974,421
2025-11-02,3.1.0,2021-11-05T21:01:32.577+00:00,32156,5,1,0,3026,4.502103381992594,421
2025-11-03,3.1.0,2021-11-05T21:01:32.577+00:00,32161,5,1,0,3026,4.502157632074772,421
2025-11-04,3.1.0,2021-11-05T21:01:32.577+00:00,32170,5,1,0.0031088727227507303,3026,4.502318956030972,421
2025-11-05,3.1.0,2021-11-05T21:01:32.577+00:00,32177,5,1,0,3026,4.5024383899325695,421
2025-11-06,3.1.0,2021-11-05T21:01:32.577+00:00,32185,5,1,0,3026,4.502448507744154,421
2025-11-07,3.1.0,2021-11-05T21:01:32.577+00:00,32189,5,1,0,3026,4.5024782911989085,421
2025-11-08,3.1.0,2021-11-05T21:01:32.577+00:00,32201,5,1,0,3026,4.50241530796019,421
2025-11-09,3.1.0,2021-11-05T21:01:32.577+00:00,32205,5,1,0,3026,4.502377318889101,421
2025-11-10,3.1.0,2021-11-05T21:01:32.577+00:00,32212,5,1,0.003104722282591822,3026,4.50243747090958,421
2025-11-11,3.1.0,2021-11-05T21:01:32.577+00:00,32217,5,1,0,3026,4.502442028603998,421
2025-11-12,3.1.0,2021-11-05T21:01:32.577+00:00,32228,5,1,0,3026,4.502495660054203,421
2025-11-13,3.1.0,2021-11-05T21:01:32.577+00:00,32236,5,1,0,3026,4.502460598312295,421
2025-11-14,3.1.0,2021-11-05T21:01:32.577+00:00,32246,5,1,0,3026,4.502484641813522,421
2025-11-15,3.1.0,2021-11-05T21:01:32.577+00:00,32251,5,1,0,3026,4.502566440806836,421
2025-11-16,3.1.0,2021-11-05T21:01:32.577+00:00,32258,5,1,0.0062005890559603165,3026,4.502458530063603,421
2025-11-17,3.1.0,2021-11-05T21:01:32.577+00:00,32264,5,1,0,3027,4.502432277727447,421
2025-11-18,3.1.0,2021-11-05T21:01:32.577+00:00,32272,5,1,0,3028,4.502486499027686,421
2025-11-19,3.1.0,2021-11-05T21:01:32.577+00:00,32281,5,1,0,3028,4.502377246788123,421
2025-11-20,3.1.0,2021-11-05T21:01:32.577+00:00,32286,5,1,0,3028,4.502188904669175,421
2025-11-21,3.1.0,2021-11-05T21:01:32.577+00:00,32291,5,1,0,3028,4.502095969420921,421
2025-11-22,3.1.0,2021-11-05T21:01:32.577+00:00,32299,5,1,0,3029,4.501957839403529,421
2025-11-23,3.1.0,2021-11-05T21:01:32.577+00:00,32299,5,1,0,3029,4.501879848149706,421
2025-11-24,3.1.0,2021-11-05T21:01:32.577+00:00,32307,5,1,0.003095496053242532,3029,4.501960870312095,421
2025-11-25,3.1.0,2021-11-05T21:01:32.577+00:00,32312,5,1,0,3029,4.501936891791013,421
2025-11-26,3.1.0,2021-11-05T21:01:32.577+00:00,32322,5,1,0.006187927353732867,3029,4.5020783235687905,421
2025-11-27,3.1.0,2021-11-05T21:01:32.577+00:00,32328,5,1,0,3029,4.5020352327826,421
2025-11-28,3.1.0,2021-11-05T21:01:32.577+00:00,32332,5,1,0,3029,4.502289055973266,421
2025-11-29,3.1.0,2021-11-05T21:01:32.577+00:00,32339,5,1,0,3029,4.502360442948218,421
2025-11-30,3.1.0,2021-11-05T21:01:32.577+00:00,32342,5,1,0,3029,4.502282744636156,421
2025-12-01,3.1.0,2021-11-05T21:01:32.577+00:00,32344,5,1,0,3029,4.502300343534154,421
2025-12-02,3.1.0,2021-11-05T21:01:32.577+00:00,32348,5,1,0,3029,4.502281221181381,421
2025-12-03,3.1.0,2021-11-05T21:01:32.577+00:00,32353,5,1,0,3029,4.502312049702095,421
2025-12-04,3.1.0,2021-11-05T21:01:32.577+00:00,32362,5,1,0,3029,4.502214722632356,421
2025-12-05,3.1.0,2021-11-05T21:01:32.577+00:00,32375,5,1,0,3029,4.502443864413227,421
2025-12-06,3.1.0,2021-11-05T21:01:32.577+00:00,32382,5,1,0,3029,4.502722399949153,421
2025-12-07,3.1.0,2021-11-05T21:01:32.577+00:00,32387,5,1,0.0030876586284620373,3029,4.502778510592467,421
2025-12-08,3.1.0,2021-11-05T21:01:32.577+00:00,32393,5,1,0,3029,4.502743283024186,422
2025-12-09,3.1.0,2021-11-05T21:01:32.577+00:00,32398,5,1,0.0030867055591567117,3031,4.502871039286601,422
2025-12-10,3.1.0,2021-11-05T21:01:32.577+00:00,32408,5,1,0,3031,4.502558079398337,422
2025-12-11,3.1.0,2021-11-05T21:01:32.577+00:00,32419,5,1,0,3031,4.501710111240245,422
2025-12-12,3.1.0,2021-11-05T21:01:32.577+00:00,32427,5,1,0,3031,4.5014668595929965,422
2025-12-13,3.1.0,2021-11-05T21:01:32.577+00:00,32434,5,1,0,3031,4.501109529897008,422
2025-12-14,3.1.0,2021-11-05T21:01:32.577+00:00,32438,5,1,0,3031,4.501059689832763,422
2025-12-15,3.1.0,2021-11-05T21:01:32.577+00:00,32445,5,1,0.0030824240182479503,3031,4.501074180203144,422
2025-12-16,3.1.0,2021-11-05T21:01:32.577+00:00,32451,5,1,0,3031,4.500985752517991,422
2025-12-17,3.1.0,2021-11-05T21:01:32.577+00:00,32463,5,1,0,3031,4.501053806435534,422
2025-12-18,3.1.0,2021-11-05T21:01:32.577+00:00,32469,5,1,0,3031,4.500889377772536,422
2025-12-19,3.1.0,2021-11-05T21:01:32.577+00:00,32477,5,1,0.003079481415329658,3031,4.50091378763924,426
2025-12-20,3.1.0,2021-11-05T21:01:32.577+00:00,32485,5,1,0,3032,4.500984973222074,428
2025-12-21,3.1.0,2021-11-05T21:01:32.577+00:00,32491,5,1,0.0030780595912336863,3032,4.500945943022257,428
2025-12-22,3.1.0,2021-11-05T21:01:32.577+00:00,32498,5,1,0,3032,4.500935209480314,428
2025-12-23,3.1.0,2021-11-05T21:01:32.577+00:00,32505,5,1,0,3032,4.5009294210562665,428
2025-12-24,3.1.0,2021-11-05T21:01:32.577+00:00,32515,5,1,0,3032,4.501067721200194,428
2025-12-25,3.1.0,2021-11-05T21:01:32.577+00:00,32518,5,1,0,3032,4.501151682392523,429
2025-12-26,3.1.0,2021-11-05T21:01:32.577+00:00,32521,5,1,0,3032,4.501223004361059,430
2025-12-27,3.1.0,2021-11-05T21:01:32.577+00:00,32528,5,1,0.003074652564260239,3032,4.501163655557955,430
2025-12-28,3.1.0,2021-11-05T21:01:32.577+00:00,32529,5,1,0,3032,4.501045173314081,430
2025-12-29,3.1.0,2021-11-05T21:01:32.577+00:00,32535,5,1,0,3032,4.5010870822735765,430
2025-12-30,3.1.0,2021-11-05T21:01:32.577+00:00,32541,5,1,0,3032,4.500927692705986,430
2025-12-31,3.1.0,2021-11-05T21:01:32.577+00:00,32547,5,1,0,3032,4.500891970349922,430
2026-01-01,3.1.0,2021-11-05T21:01:32.577+00:00,32550,5,1,0,3032,4.500970405186832,431
2026-01-02,3.1.0,2021-11-05T21:01:32.577+00:00,32552,5,1,0,3032,4.498413427301966,431
2026-01-03,3.1.0,2021-11-05T21:01:32.577+00:00,32554,5,1,0,3032,4.500954408084425,431
2026-01-04,3.1.0,2021-11-05T21:01:32.577+00:00,32557,5,1,0.003071630421427694,3032,4.50103284711051,432
2026-01-05,3.1.0,2021-11-05T21:01:32.577+00:00,32561,5,1,0,3032,4.501075024445965,432
2026-01-06,3.1.0,2021-11-05T21:01:32.577+00:00,32565,5,1,0,3032,4.5011922631120544,432
2026-01-07,3.1.0,2021-11-05T21:01:32.577+00:00,32572,5,1,0,3032,4.501266028494305,432
2026-01-08,3.1.0,2021-11-05T21:01:32.577+00:00,32578,5,1,0,3032,4.501343194372376,432
2026-01-09,3.1.0,2021-11-05T21:01:32.577+00:00,32583,5,1,0,3032,4.502528180383035,432
2026-01-10,3.1.0,2021-11-05T21:01:32.577+00:00,32589,5,1,0,3033,4.502487562189055,433
2026-01-11,3.1.0,2021-11-05T21:01:32.577+00:00,32592,5,1,0,3033,4.502411820418731,433
2026-01-12,3.1.0,2021-11-05T21:01:32.577+00:00,32593,5,1,0,3033,4.502432728224406,433
2026-01-13,3.1.0,2021-11-05T21:01:32.577+00:00,32601,5,1,0,3033,4.50362666872857,433
2026-01-14,3.1.0,2021-11-05T21:01:32.577+00:00,32611,5,1,0.0030668261416260316,3033,4.503650155755832,433
2026-01-15,3.1.0,2021-11-05T21:01:32.577+00:00,32621,5,1,0.003065885887727259,3033,4.503599033285338,433
2026-01-16,3.1.0,2021-11-05T21:01:32.577+00:00,32623,5,1,0,3033,4.503621749611055,436
2026-01-17,3.1.0,2021-11-05T21:01:32.577+00:00,32628,5,1,0,3033,4.503540624855269,436
2026-01-18,3.1.0,2021-11-05T21:01:32.577+00:00,32631,5,1,0,3033,4.503616869463839,436
2026-01-19,3.1.0,2021-11-05T21:01:32.577+00:00,32633,5,1,0,3033,4.50366288954363,436
2026-01-20,3.1.0,2021-11-05T21:01:32.577+00:00,32642,5,1,0,3033,4.50383941203164,436
2026-01-21,3.1.0,2021-11-05T21:01:32.577+00:00,32649,5,1,0,3033,4.503802851812713,436
2026-01-22,3.1.0,2021-11-05T21:01:32.577+00:00,32656,5,1,0,3033,4.503885976579818,436
2026-01-23,3.1.0,2021-11-05T21:01:32.577+00:00,32661,5,1,0,3033,4.503881801297982,436
2026-01-24,3.1.0,2021-11-05T21:01:32.577+00:00,32663,5,1,0,3033,4.503826965717209,436
2026-01-25,3.1.0,2021-11-05T21:01:32.577+00:00,32664,5,1,0,3033,4.503855592162713,436
2026-01-26,3.1.0,2021-11-05T21:01:32.577+00:00,32667,5,1,0,3033,4.503948246722814,436
2026-01-27,3.1.0,2021-11-05T21:01:32.577+00:00,32671,5,1,0,3033,4.504091367466014,436
2026-01-28,3.1.0,2021-11-05T21:01:32.577+00:00,32675,5,1,0,3034,4.5042665823301125,436
2026-01-29,3.1.0,2021-11-05T21:01:32.577+00:00,32684,5,1,0,3034,4.504304117878885,436
2026-01-30,3.1.0,2021-11-05T21:01:32.577+00:00,32689,5,1,0,3034,4.504311566811568,436
2026-01-31,3.1.0,2021-11-05T21:01:32.577+00:00,32697,5,1,0,3034,4.504388220077487,436
2026-02-01,3.1.0,2021-11-05T21:01:32.577+00:00,32701,5,1,0,3034,4.504332362847856,437
2026-02-02,3.1.0,2021-11-05T21:01:32.577+00:00,32705,5,1,0,3034,4.504442237927432,437
2026-02-03,3.1.0,2021-11-05T21:01:32.577+00:00,32711,5,1,0,3034,4.504475288623686,437
2026-02-04,3.1.0,2021-11-05T21:01:32.577+00:00,32717,5,1,0,3034,4.5044290767162405,437
2026-02-05,3.1.0,2021-11-05T21:01:32.577+00:00,32722,5,1,0,3034,4.5044375647427195,438
2026-02-06,3.1.0,2021-11-05T21:01:32.577+00:00,32726,5,1,0,3034,4.504391397796262,438
2026-02-07,3.1.0,2021-11-05T21:01:32.577+00:00,32733,5,1,0.0030552076013565122,3034,4.504352735538422,438
2026-02-08,3.1.0,2021-11-05T21:01:32.577+00:00,32737,5,1,0,3034,4.504294882924345,438
2026-02-09,3.1.0,2021-11-05T21:01:32.577+00:00,32746,5,1,0,3034,4.504211924706624,438
2026-02-10,3.1.0,2021-11-05T21:01:32.577+00:00,32752,5,1,0,3034,4.504316097556387,438
2026-02-11,3.1.0,2021-11-05T21:01:32.577+00:00,32762,5,1,0.0030526894193784724,3034,4.504255642994952,438
2026-02-12,3.1.0,2021-11-05T21:01:32.577+00:00,32769,5,1,0,3034,4.504308458488829,438
2026-02-13,3.1.0,2021-11-05T21:01:32.577+00:00,32782,5,1,0.003050826774055769,3034,4.50424113237794,438
2026-02-14,3.1.0,2021-11-05T21:01:32.577+00:00,32787,5,1,0,3034,4.504240553769542,438
2026-02-15,3.1.0,2021-11-05T21:01:32.577+00:00,32795,5,1,0.003049431281066081,3034,4.504289604018496,439
2026-02-16,3.1.0,2021-11-05T21:01:32.577+00:00,32799,5,1,0,3034,4.504301823391172,440
2026-02-17,3.1.0,2021-11-05T21:01:32.577+00:00,32802,5,1,0,3034,4.504344934877286,440
2026-02-18,3.1.0,2021-11-05T21:01:32.577+00:00,32804,5,1,0,3034,4.505085923846458,443
2026-02-19,3.1.0,2021-11-05T21:01:32.577+00:00,32807,5,1,0,3034,4.50499912563714,444
2026-02-20,3.1.0,2021-11-05T21:01:32.577+00:00,32813,5,1,0,3034,4.504902866629708,444
2026-02-21,3.1.0,2021-11-05T21:01:32.577+00:00,32815,5,1,0,3034,4.504863217606115,444
2026-02-22,3.1.0,2021-11-05T21:01:32.577+00:00,32819,5,1,0,3034,4.504961582546956,444
2026-02-23,3.1.0,2021-11-05T21:01:32.577+00:00,32822,5,1,0,3034,4.504838782470777,444
2026-02-24,3.1.0,2021-11-05T21:01:32.577+00:00,32830,5,1,0,3034,4.504902874001587,444
2026-02-25,3.1.0,2021-11-05T21:01:32.577+00:00,32841,5,1,0,3034,4.505027412938672,444
2026-02-26,3.1.0,2021-11-05T21:01:32.577+00:00,32853,5,1,0,3034,4.505022679292798,444
2026-02-27,3.1.0,2021-11-05T21:01:32.577+00:00,32856,5,1,0,3034,4.5050855308445,444
2026-02-28,3.1.0,2021-11-05T21:01:32.577+00:00,32866,5,1,0,3035,4.505145963005173,444
2026-03-01,3.1.0,2021-11-05T21:01:32.577+00:00,32871,5,1,0,3035,4.5053052450810025,444
2026-03-02,3.1.0,2021-11-05T21:01:32.577+00:00,32876,5,1,0,3035,4.5053159096601885,444
2026-03-03,3.1.0,2021-11-05T21:01:32.577+00:00,32884,5,1,0.0030412700343663513,3035,4.505382356563393,444
2026-03-04,3.1.0,2021-11-05T21:01:32.577+00:00,32888,5,1,0,3035,4.505120250336313,445
2026-03-05,3.1.0,2021-11-05T21:01:32.577+00:00,32895,5,1,0.003039975680194558,3035,4.5050757721529315,445
2026-03-06,3.1.0,2021-11-05T21:01:32.577+00:00,32905,5,1,0,3035,4.505130273039612,445
2026-03-07,3.1.0,2021-11-05T21:01:32.577+00:00,32910,5,1,0,3035,4.505084603635012,445
2026-03-08,3.1.0,2021-11-05T21:01:32.577+00:00,32916,5,1,0,3035,4.505044554605295,445
2026-03-09,3.1.0,2021-11-05T21:01:32.577+00:00,32921,5,1,0,3036,4.5051144399948555,451
2026-03-10,3.1.0,2021-11-05T21:01:32.577+00:00,32933,5,1,0.0030368368307570836,3036,4.505206334586948,451
2026-03-11,3.1.0,2021-11-05T21:01:32.577+00:00,32938,5,1,0,3036,4.50525134989044,451
2026-03-12,3.1.0,2021-11-05T21:01:32.577+00:00,32949,5,1,0,3036,4.505258663506531,451
2026-03-13,3.1.0,2021-11-05T21:01:32.577+00:00,32954,5,1,0,3036,4.505162049630693,451
2026-03-14,3.1.0,2021-11-05T21:01:32.577+00:00,32958,5,1,0,3036,4.504924065918825,451
2026-03-15,3.1.0,2021-11-05T21:01:32.577+00:00,32964,5,1,0,3036,4.504839934404053,451
2026-03-16,3.1.0,2021-11-05T21:01:32.577+00:00,32974,5,1,0.003033152355242804,3036,4.5048623635087885,452
2026-03-17,3.1.0,2021-11-05T21:01:32.577+00:00,32982,5,1,0,3036,4.504894659054685,452
2026-03-18,3.1.0,2021-11-05T21:01:32.577+00:00,32992,5,1,0,3036,4.504945849379249,452
2026-03-19,3.1.0,2021-11-05T21:01:32.577+00:00,32997,5,1,0,3036,4.50484490289351,452
2026-03-20,3.1.0,2021-11-05T21:01:32.577+00:00,33013,5,1,0,3036,4.504941271230917,453
2026-03-21,3.1.0,2021-11-05T21:01:32.577+00:00,33020,5,1,0,3036,4.504850605964192,453
2026-03-22,3.1.0,2021-11-05T21:01:32.577+00:00,33022,5,1,0,3036,4.504774705166582,453
2026-03-23,3.1.0,2021-11-05T21:01:32.577+00:00,33033,5,1,0,3036,4.504817533776498,453
2026-03-24,3.1.0,2021-11-05T21:01:32.577+00:00,33043,5,1,0,3036,4.5048955138324835,453
2026-03-27,3.1.0,2021-11-05T21:01:32.577+00:00,33064,5,1,0,3037,4.504927652589389,453
2026-03-28,3.1.0,2021-11-05T21:01:32.577+00:00,33067,5,1,0,3037,4.5048750726589954,453
2026-03-29,3.1.0,2021-11-05T21:01:32.577+00:00,33071,5,1,0,3037,4.504819277108433,453
2026-03-30,3.1.0,2021-11-05T21:01:32.577+00:00,33078,5,1,0,3037,4.505005372673402,453
2026-03-31,3.1.0,2021-11-05T21:01:32.577+00:00,33087,5,1,0.0030226091161890943,3037,4.504957965575315,453
2026-04-01,3.1.0,2021-11-05T21:01:32.577+00:00,33096,5,1,0,3037,4.504928209668524,453
2026-04-02,3.1.0,2021-11-05T21:01:32.577+00:00,33101,5,1,0,3038,4.504805401934588,453
2026-04-03,3.1.0,2021-11-05T21:01:32.577+00:00,33106,5,1,0,3038,4.504530589313019,453
2026-04-04,3.1.0,2021-11-05T21:01:32.577+00:00,33114,5,1,0.0030200531529354915,3038,4.5045079481866175,454
2026-04-05,3.1.0,2021-11-05T21:01:32.577+00:00,33118,5,1,0,3038,4.504374082448223,455
2026-04-06,3.1.0,2021-11-05T21:01:32.577+00:00,33123,5,1,0,3038,4.50443195603426,456
2026-04-07,3.1.0,2021-11-05T21:01:32.577+00:00,33134,5,1,0,3038,4.504433903660912,458
2026-04-08,3.1.0,2021-11-05T21:01:32.577+00:00,33139,5,1,0.0030178657653307578,3038,4.504505202371178,459
2026-04-09,3.1.0,2021-11-05T21:01:32.577+00:00,33149,5,1,0.0030169552887226213,3038,4.504476838176048,463
2026-04-10,3.1.0,2021-11-05T21:01:32.577+00:00,33158,5,1,0.003016136329362087,3038,4.504364120151303,464
2026-04-11,3.1.0,2021-11-05T21:01:32.577+00:00,33161,5,1,0,3038,4.504317667571398,465
2026-04-12,3.1.0,2021-11-05T21:01:32.577+00:00,33166,5,1,0,3038,4.504338442010141,466
2026-04-13,3.1.0,2021-11-05T21:01:32.577+00:00,33174,5,1,0,3038,4.504383144491737,467
2026-04-16,3.1.0,2021-11-05T21:01:32.577+00:00,33201,5,1,0.0030121389198469834,3039,4.504364043438041,470
2026-04-17,3.1.0,2021-11-05T21:01:32.577+00:00,33204,5,1,0,3039,4.504373810967474,471
2026-04-18,3.1.0,2021-11-05T21:01:32.577+00:00,33213,5,1,0,3039,4.504343554918412,472
2026-04-19,3.1.0,2021-11-05T21:01:32.577+00:00,33217,5,1,0,3039,4.50424693055221,473
2026-04-21,3.1.0,2021-11-05T21:01:32.577+00:00,33229,5,1,0,3039,4.5041296381767175,475
2026-04-22,3.1.0,2021-11-05T21:01:32.577+00:00,33237,5,1,0,3040,4.504112012345447,476
2026-04-23,3.1.0,2021-11-05T21:01:32.577+00:00,33242,5,1,0,3040,4.503153092028727,477
2026-04-24,3.1.0,2021-11-05T21:01:32.577+00:00,33249,5,1,0,3040,4.504099600551742,478
2026-04-25,3.1.0,2021-11-05T21:01:32.577+00:00,33255,5,1,0,3040,4.5040416440802264,479
2026-04-26,3.1.0,2021-11-05T21:01:32.577+00:00,33260,5,1,0,3040,4.50407582398816,480
2026-04-27,3.1.0,2021-11-05T21:01:32.577+00:00,33262,5,1,0.003006433768264085,3040,4.503958915826727,481
2026-04-29,3.1.0,2021-11-05T21:01:32.577+00:00,33281,5,1,0,3041,4.50389499932345,484
2026-04-30,3.1.0,2021-11-05T21:01:32.577+00:00,33285,5,1,0,3041,4.503974712725954,485
2026-05-01,3.1.0,2021-11-05T21:01:32.577+00:00,33293,5,1,0.0030037246185269733,3041,4.503871540711936,486
2026-05-02,3.1.0,2021-11-05T21:01:32.577+00:00,33296,5,1,0,3041,4.503854638989774,487
2026-05-03,3.1.0,2021-11-05T21:01:32.577+00:00,33301,5,1,0,3041,4.503891354141311,488
2026-05-06,3.1.0,2021-11-05T21:01:32.577+00:00,33315,5,1,0,3041,4.504083809031638,490
2026-05-07,3.1.0,2021-11-05T21:01:32.577+00:00,33319,5,1,0,3042,4.504025137427831,491
2026-05-08,3.1.0,2021-11-05T21:01:32.577+00:00,33319,5,1,0,3043,4.504069471016868,491
2026-05-09,3.1.0,2021-11-05T21:01:32.577+00:00,33324,5,1,0,3043,4.503942976749448,491
2026-05-10,3.1.0,2021-11-05T21:01:32.577+00:00,33327,5,1,0,3043,4.503901387669048,491
2026-05-11,3.1.0,2021-11-05T21:01:32.577+00:00,33329,5,1,0,3043,4.50396054663403,491
2026-05-14,3.1.0,2021-11-05T21:01:32.577+00:00,33356,5,1,0,3043,4.503986973383855,491
2026-05-15,3.1.0,2021-11-05T21:01:32.577+00:00,33364,5,1,0.002997601918465228,3043,4.504005499448587,491
2026-05-16,3.1.0,2021-11-05T21:01:32.577+00:00,33369,5,1,0.002996883241428914,3043,4.503929660986353,491
2026-05-17,3.1.0,2021-11-05T21:01:32.577+00:00,33374,5,1,0,3043,4.50379692580133,491
2026-05-18,3.1.0,2021-11-05T21:01:32.577+00:00,33380,5,1,0,3043,4.5037657738821775,491
2026-05-19,3.1.0,2021-11-05T21:01:32.577+00:00,33386,5,1,0,3043,4.5036424611732855,491
2026-05-20,3.1.0,2021-11-05T21:01:32.577+00:00,33399,5,1,0.0029946395951247267,3044,4.5036046416628395,491
2026-05-21,3.1.0,2021-11-05T21:01:32.577+00:00,33406,5,1,0,3044,4.503653120242159,491
2026-05-22,3.1.0,2021-11-05T21:01:32.577+00:00,33411,5,1,0,3044,4.503706038281658,492
2026-05-23,3.1.0,2021-11-05T21:01:32.577+00:00,33417,5,1,0,3044,4.503717060232235,493
2026-05-24,3.1.0,2021-11-05T21:01:32.577+00:00,33422,5,1,0,3044,4.5037974370392355,494
2026-05-25,3.1.0,2021-11-05T21:01:32.577+00:00,33427,5,1,0,3044,4.503837389563335,494
2026-05-26,3.1.0,2021-11-05T21:01:32.577+00:00,33433,5,1,0,3044,4.503854365659063,494
2026-05-27,3.1.0,2021-11-05T21:01:32.577+00:00,33440,5,1,0,3044,4.503873400590205,494
2026-05-28,3.1.0,2021-11-05T21:01:32.577+00:00,33445,5,1,0,3044,4.503863306586284,495
2026-05-29,3.1.0,2021-11-05T21:01:32.577+00:00,33447,5,1,0,3044,4.50382977099922,496
2026-05-30,3.1.0,2021-11-05T21:01:32.577+00:00,33450,5,1,0,3044,4.503845711673971,497
2026-05-31,3.1.0,2021-11-05T21:01:32.577+00:00,33454,5,1,0,3044,4.503839176191725,497
2026-06-01,3.1.0,2021-11-05T21:01:32.577+00:00,33460,5,1,0,3044,4.503862242482144,497
2026-06-02,3.1.0,2021-11-05T21:01:32.577+00:00,33467,5,1,0,3044,4.503781509546583,498
2026-06-03,3.1.0,2021-11-05T21:01:32.577+00:00,33475,5,1,0,3044,4.503716655709269,498
2026-06-04,3.1.0,2021-11-05T21:01:32.577+00:00,33478,5,1,0,3044,4.5037132858958895,498
2026-06-05,3.1.0,2021-11-05T21:01:32.577+00:00,33482,5,1,0,3044,4.503605249874365,498
2026-06-06,3.1.0,2021-11-05T21:01:32.577+00:00,33487,5,1,0,3044,4.503430320908198,498
2026-06-07,3.1.0,2021-11-05T21:01:32.577+00:00,33492,5,1,0.002985965959988056,3044,4.5034299942693785,498
2026-06-08,3.1.0,2021-11-05T21:01:32.577+00:00,33499,5,1,0.0029854310962502987,3044,4.5034053148262,498
2026-06-09,3.1.0,2021-11-05T21:01:32.577+00:00,33500,5,1,0,3044,4.503262384108327,498
2026-06-10,3.1.0,2021-11-05T21:01:32.577+00:00,33504,5,1,0,3044,4.503080150882752,498
2026-06-11,3.1.0,2021-11-05T21:01:32.577+00:00,33509,5,1,0,3044,4.502745726328849,498
2026-06-12,3.1.0,2021-11-05T21:01:32.577+00:00,33514,5,1,0,3044,4.502834026157238,498
2026-06-13,3.1.0,2021-11-05T21:01:32.577+00:00,33518,5,1,0,3044,4.502656389238906,500
2026-06-14,3.1.0,2021-11-05T21:01:32.577+00:00,33519,5,1,0,3044,4.502586880288117,501
2026-06-15,3.1.0,2021-11-05T21:01:32.577+00:00,33521,5,1,0,3044,4.502623544965589,501
2026-06-16,3.1.0,2021-11-05T21:01:32.577+00:00,33525,5,1,0,3044,4.502508086560997,501
2026-06-17,3.1.0,2021-11-05T21:01:32.577+00:00,33529,5,1,0.002982581722739203,3044,4.502569957797357,501
2026-06-18,3.1.0,2021-11-05T21:01:32.577+00:00,33534,5,1,0,3044,4.502570903681409,503
2026-06-19,3.1.0,2021-11-05T21:01:32.577+00:00,33536,5,1,0,3044,4.502414483227145,503
2026-06-20,3.1.0,2021-11-05T21:01:32.577+00:00,33542,5,1,0,3044,4.502222375491629,503
2026-06-21,3.1.0,2021-11-05T21:01:32.577+00:00,33544,5,1,0,3044,4.502203292288616,503
2026-06-22,3.1.0,2021-11-05T21:01:32.577+00:00,33548,5,1,0,3044,4.50205740953764,503
2026-06-23,3.1.0,2021-11-05T21:01:32.577+00:00,33552,5,1,0.0029806259314456036,3044,4.501935152519366,504
2026-06-24,3.1.0,2021-11-05T21:01:32.577+00:00,33557,5,1,0,3044,4.5019545412870805,504
2026-06-25,3.1.0,2021-11-05T21:01:32.577+00:00,33561,5,1,0,3044,4.501939672410881,504
2026-06-26,3.1.0,2021-11-05T21:01:32.577+00:00,33566,5,1,0,3044,4.501979953938031,504
2026-06-27,3.1.0,2021-11-05T21:01:32.577+00:00,33568,5,1,0,3044,4.501913773339291,504
2026-06-28,3.1.0,2021-11-05T21:01:32.577+00:00,33573,5,1,0,3044,4.501775784952443,504
2026-06-29,3.1.0,2021-11-05T21:01:32.577+00:00,33576,5,1,0,3044,4.501820112618947,505
2026-06-30,3.1.0,2021-11-05T21:01:32.577+00:00,33580,5,1,0.005956103517079127,3044,4.501665054488658,505
2026-07-01,3.1.0,2021-11-05T21:01:32.577+00:00,33584,5,1,0,3044,4.5017097054826465,505
2026-07-02,3.1.0,2021-11-05T21:01:32.577+00:00,33588,5,1,0,3044,4.501613195456789,505
2026-07-03,3.1.0,2021-11-05T21:01:32.577+00:00,33591,5,1,0,3044,4.501516850446745,505
2026-07-04,3.1.0,2021-11-05T21:01:32.577+00:00,33596,5,1,0,3044,4.5015255916687025,505
2026-07-05,3.1.0,2021-11-05T21:01:32.577+00:00,33597,5,1,0,3044,4.501438228182627,505
2026-07-06,3.1.0,2021-11-05T21:01:32.577+00:00,33603,5,1,0,3044,4.501400730816078,505
2026-07-07,3.1.0,2021-11-05T21:01:32.577+00:00,33609,5,1,0,3044,4.501395221159987,505
2026-07-08,3.1.0,2021-11-05T21:01:32.577+00:00,33617,5,1,0,3044,4.501352227634575,505
2026-07-09,3.1.0,2021-11-05T21:01:32.577+00:00,33622,5,1,0,3044,4.501353322568708,505
2026-07-10,3.1.0,2021-11-05T21:01:32.577+00:00,33624,5,1,0,3044,4.5013679935946485,505
2026-07-11,3.1.0,2021-11-05T21:01:32.577+00:00,33628,5,1,0,3044,4.501377829248675,505
2026-07-12,3.1.0,2021-11-05T21:01:32.577+00:00,33628,5,1,0,3044,4.501277669954419,505
2026-07-13,3.1.0,2021-11-05T21:01:32.577+00:00,33633,5,1,0,3044,4.501304099696087,505
2026-07-14,3.1.0,2021-11-05T21:01:32.577+00:00,33639,5,1,0,3044,4.501295419060195,506
2026-07-15,3.1.0,2021-11-05T21:01:32.577+00:00,33645,5,1,0.0029723865291442497,3044,4.501306525228111,506
2026-07-16,3.1.0,2021-11-05T21:01:32.577+00:00,33654,5,1,0,3044,4.501312987817196,506
2026-07-17,3.1.0,2021-11-05T21:01:32.577+00:00,33662,5,1,0,3044,4.5011017845931125,506
2026-07-18,3.1.0,2021-11-05T21:01:32.577+00:00,33668,5,1,0,3044,4.5010818111774835,506
2026-07-19,3.1.0,2021-11-05T21:01:32.577+00:00,33670,5,1,0,3044,4.501065879397373,506
2026-07-20,3.1.0,2021-11-05T21:01:32.577+00:00,33674,5,1,0,3044,4.501065082494277,506
2026-07-21,3.1.0,2021-11-05T21:01:32.577+00:00,33676,5,1,0.002969561989606533,3044,4.501062875843866,506
2026-07-22,3.1.0,2021-11-05T21:01:32.577+00:00,33682,5,1,0,3044,4.501141769481011,507
2026-07-23,3.1.0,2021-11-05T21:01:32.577+00:00,33686,5,1,0,3044,4.5012115338017935,509
2026-07-24,3.1.0,2021-11-05T21:01:32.577+00:00,33691,5,1,0,3044,4.501317985826972,510
2026-07-25,3.1.0,2021-11-05T21:01:32.577+00:00,33697,5,1,0,3044,4.50119428942531,510
2026-07-26,3.1.0,2021-11-05T21:01:32.577+00:00,33701,5,1,0,3044,4.501216009507983,512
2026-07-27,3.1.0,2021-11-05T21:01:32.577+00:00,33706,5,1,0,3044,4.501182316636388,514
2026-07-28,3.1.0,2021-11-05T21:01:32.577+00:00,33711,5,1,0,3045,4.501265987073953,514
2026-07-29,3.1.0,2021-11-05T21:01:32.577+00:00,33714,5,1,0,3045,4.501286260081294,515
2026-07-30,3.1.0,2021-11-05T21:01:32.577+00:00,33719,5,1,0,3045,4.501255832614275,516
2026-07-31,3.1.0,2021-11-05T21:01:32.577+00:00,33725,5,1,0,3045,4.501234084919988,516
2026-08-01,3.1.0,2021-11-05T21:01:32.577+00:00,33728,5,1,0,3045,4.5012024314493235,517
2026-08-02,3.1.0,2021-11-05T21:01:32.577+00:00,33729,5,1,0,3045,4.50129939171333,517
2026-08-03,3.1.0,2021-11-05T21:01:32.577+00:00,33733,5,1,0,3045,4.501318187584051,517
2026-08-04,3.1.0,2021-11-05T21:01:32.577+00:00,33737,5,1,0,3045,4.501335937684422,517
2026-08-05,3.1.0,2021-11-05T21:01:32.577+00:00,33741,5,1,0,3046,4.50137970548721,517
2026-08-06,3.1.0,2021-11-05T21:01:32.577+00:00,33743,5,1,0,3046,4.50137970548721,517
2026-08-07,3.1.0,2021-11-05T21:01:32.577+00:00,33748,5,1,0,3046,4.501338051373935,517
2026-08-08,3.1.0,2021-11-05T21:01:32.577+00:00,33750,5,1,0,3046,4.501394849197345,517
2026-08-09,3.1.0,2021-11-05T21:01:32.577+00:00,33752,5,1,0,3046,4.501444358235911,517
2026-08-10,3.1.0,2021-11-05T21:01:32.577+00:00,33755,5,1,0,3046,4.501250268970717,517
2026-08-11,3.1.0,2021-11-05T21:01:32.577+00:00,33761,5,1,0,3046,4.501387651191539,517
2026-08-12,3.1.0,2021-11-05T21:01:32.577+00:00,33768,5,1,0,3046,4.501388727649481,517
2026-08-13,3.1.0,2021-11-05T21:01:32.577+00:00,33772,5,1,0,3046,4.501374988778952,517
2026-08-14,3.1.0,2021-11-05T21:01:32.577+00:00,33777,5,1,0,3046,4.501368489824149,517
2026-08-15,3.1.0,2021-11-05T21:01:32.577+00:00,33783,5,1,0,3046,4.501375752834926,517
2026-08-16,3.1.0,2021-11-05T21:01:32.577+00:00,33784,5,1,0,3046,4.501418642959177,517
2026-08-17,3.1.0,2021-11-05T21:01:32.577+00:00,33786,5,1,0,3047,4.501418642959177,517
2026-08-18,3.1.0,2021-11-05T21:01:32.577+00:00,33791,5,1,0,3047,4.5014105555801525,518
2026-08-19,3.1.0,2021-11-05T21:01:32.577+00:00,33801,5,1,0,3047,4.501370554713986,519
2026-08-20,3.1.0,2021-11-05T21:01:32.577+00:00,33811,5,1,0,3047,4.501347679445676,519
2026-08-21,3.1.0,2021-11-05T21:01:32.577+00:00,33816,5,1,0,3047,4.501358645199199,519
2026-08-22,3.1.0,2021-11-05T21:01:32.577+00:00,33824,5,1,0,3047,4.501331391470579,520
2026-08-23,3.1.0,2021-11-05T21:01:32.577+00:00,33829,5,1,0,3047,4.501357300113408,520
2026-08-24,3.1.0,2021-11-05T21:01:32.577+00:00,33832,5,1,0,3047,4.501365240603194,520
2026-08-25,3.1.0,2021-11-05T21:01:32.577+00:00,33838,5,1,0,3047,4.501389726118941,520
2026-08-26,3.1.0,2021-11-05T21:01:32.577+00:00,33843,5,1,0,3047,4.501415256409558,520
2026-08-27,3.1.0,2021-11-05T21:01:32.577+00:00,33846,5,1,0,3047,4.501358642317237,520
2026-08-28,3.1.0,2021-11-05T21:01:32.577+00:00,33853,5,1,0,3047,4.501258841865484,520
2026-08-29,3.1.0,2021-11-05T21:01:32.577+00:00,33860,5,1,0,3047,4.501258841865484,521
2026-08-30,3.1.0,2021-11-05T21:01:32.577+00:00,33863,5,1,0,3047,4.501258729524876,521
2026-08-31,3.1.0,2021-11-05T21:01:32.577+00:00,33866,5,1,0,3047,4.501258729524876,522
2026-09-01,3.1.0,2021-11-05T21:01:32.577+00:00,33872,5,1,0,3047,4.501258729524876,522
2026-09-02,3.1.0,2021-11-05T21:01:32.577+00:00,33881,5,1,0,3047,4.501258729524876,522
2026-09-03,3.1.0,2021-11-05T21:01:32.577+00:00,33886,5,1,0,3047,4.501251891444683,522
2026-09-04,3.1.0,2021-11-05T21:01:32.577+00:00,33891,5,1,0,3047,4.501232176954755,522
2026-09-05,3.1.0,2021-11-05T21:01:32.577+00:00,33894,5,1,0,3047,4.501253337248313,522
2026-09-06,3.1.0,2021-11-05T21:01:32.577+00:00,33897,5,1,0,3047,4.501253337248313,522
2026-09-07,3.1.0,2021-11-05T21:01:32.577+00:00,33899,5,1,0,3047,4.501253337248313,522
2026-09-08,3.1.0,2021-11-05T21:01:32.577+00:00,33903,5,1,0,3047,4.501253337248313,522
2026-09-09,3.1.0,2021-11-05T21:01:32.577+00:00,33908,5,1,0,3047,4.501253337248313,522
2026-09-10,3.1.0,2021-11-05T21:01:32.577+00:00,33909,5,1,0,3047,4.501253337248313,522
2026-09-11,3.1.0,2021-11-05T21:01:32.577+00:00,33917,5,1,0,3047,4.501253337248313,522
2026-09-12,3.1.0,2021-11-05T21:01:32.577+00:00,33920,5,1,0,3047,4.501253337248313,522
2026-09-13,3.1.0,2021-11-05T21:01:32.577+00:00,33926,5,1,0,3047,4.501253337248313,522
2026-09-14,3.1.0,2021-11-05T21:01:32.577+00:00,33928,5,1,0,3048,4.500440601212006,522
2026-09-15,3.1.0,2021-11-05T21:01:32.577+00:00,33933,5,1,0,3048,4.500440601212006,522
2026-09-16,3.1.0,2021-11-05T21:01:32.577+00:00,33937,5,1,0,3049,4.500440601212006,522
2026-09-17,3.1.0,2021-11-05T21:01:32.577+00:00,33944,5,1,0,3049,4.500440601212006,524
2026-09-18,3.1.0,2021-11-05T21:01:32.577+00:00,33948,5,1,0,3049,4.500440601212006,524
2026-09-19,3.1.0,2021-11-05T21:01:32.577+00:00,33952,5,1,0,3049,4.500440601212006,524
2026-09-20,3.1.0,2021-11-05T21:01:32.577+00:00,33955,5,1,0.002945161100312187,3049,4.500317674890166,524
2026-09-21,3.1.0,2021-11-05T21:01:32.577+00:00,33961,5,1,0,3049,4.5003470637970295,525
2026-09-22,3.1.0,2021-11-05T21:01:32.577+00:00,33968,5,1,0,3049,4.500434475290028,525
2026-09-23,3.1.0,2021-11-05T21:01:32.577+00:00,33974,5,1,0,3049,4.500278199428475,526
2026-09-24,3.1.0,2021-11-05T21:01:32.577+00:00,33977,5,1,0,3049,4.500165218574455,526
2026-09-25,3.1.0,2021-11-05T21:01:32.577+00:00,33982,5,1,0,3049,4.500119274937907,532
2026-09-26,3.1.0,2021-11-05T21:01:32.577+00:00,33988,5,1,0,3049,4.499974372047728,533
2026-09-27,3.1.0,2021-11-05T21:01:32.577+00:00,33992,5,1,0,3049,4.499969791909411,533
2026-09-28,3.1.0,2021-11-05T21:01:32.577+00:00,34000,5,1,0,3049,4.5000188753525645,534
2026-09-29,3.1.0,2021-11-05T21:01:32.577+00:00,34003,5,1,0,3049,4.500064696304763,534
2026-09-30,3.1.0,2021-11-05T21:01:32.577+00:00,34006,5,1,0,3049,4.5000587386389235,535
2026-10-01,3.1.0,2021-11-05T21:01:32.577+00:00,34011,5,1,0,3050,4.5000794542168645,536
2026-10-02,3.1.0,2021-11-05T21:01:32.577+00:00,34015,5,1,0,3050,4.499713834525824,542
2026-10-03,3.1.0,2021-11-05T21:01:32.577+00:00,34018,5,1,0,3050,4.499149778834875,542
2026-10-04,3.1.0,2021-11-05T21:01:32.577+00:00,34018,5,1,0,3050,4.49862712410895,548
2026-10-06,3.1.0,2021-11-05T21:01:32.577+00:00,34030,5,1,0,3050,4.498303487225449,548
2026-10-07,3.1.0,2021-11-05T21:01:32.577+00:00,34032,5,1,0,3050,4.498303910792377,548
2026-10-08,3.1.0,2021-11-05T21:01:32.577+00:00,34039,5,1,0,3050,4.498356235661408,548
2026-10-09,3.1.0,2021-11-05T21:01:32.577+00:00,34045,5,1,0,3050,4.498309772587584,548
2026-10-10,3.1.0,2021-11-05T21:01:32.577+00:00,34047,5,1,0,3050,4.49823497310026,549
