date,version,lastUpdated,install,averagerating,ratingcount,trendingdaily,updateCount,weightedRating,downloadCount
2024-11-26,0.8.14,2024-11-22T19:47:12.443+00:00,1182553,2.914893627166748,47,0.004484699558976337,8291200,3.176000838068945,2478
2024-11-26,0.8.14,2024-11-22T19:47:12.443+00:00,1183014,2.914893627166748,47,0.004484699558976337,8294610,3.176000838068945,2481
2024-11-26,0.8.14,2024-11-22T19:47:12.443+00:00,1183014,2.914893627166748,47,0.004484699558976337,8294610,3.176000838068945,2481
2024-11-26,0.8.14,2024-11-22T19:47:12.443+00:00,1183014,2.914893627166748,47,0.004484699558976337,8294610,3.176000838068945,2481
2024-11-27,0.8.14,2024-11-22T19:47:12.443+00:00,1184946,2.914893627166748,47,0.004053283793198083,8304772,3.176000838068945,2485
2024-11-27,0.8.14,2024-11-22T19:47:12.443+00:00,1184946,2.914893627166748,47,0.004053283793198083,8304772,3.176000838068945,2485
2024-11-27,0.8.14,2024-11-22T19:47:12.443+00:00,1184946,2.914893627166748,47,0.004053283793198083,8304772,3.176000838068945,2485
2024-11-28,0.8.14,2024-11-22T19:47:12.443+00:00,1187114,2.914893627166748,47,0.0027813668648179845,8313687,3.176000838068945,2491
2024-11-28,0.8.14,2024-11-22T19:47:12.443+00:00,1187114,2.914893627166748,47,0.0027813668648179845,8313687,3.176000838068945,2491
2024-11-28,0.8.14,2024-11-22T19:47:12.443+00:00,1187114,2.914893627166748,47,0.0027813668648179845,8313687,3.176000838068945,2491
2024-11-29,0.8.14,2024-11-22T19:47:12.443+00:00,1188817,2.914893627166748,47,0.003113767818957124,8319853,3.176000838068945,2494
2024-11-29,0.8.14,2024-11-22T19:47:12.443+00:00,1188817,2.914893627166748,47,0.003113767818957124,8319853,3.176000838068945,2494
2024-11-29,0.8.14,2024-11-22T19:47:12.443+00:00,1188817,2.914893627166748,47,0.003113767818957124,8319853,3.176000838068945,2494
2024-11-30,0.8.15,2024-11-29T17:06:56.043+00:00,1190322,2.914893627166748,47,0.0031094344442978436,8377001,3.176000838068945,2499
2024-11-30,0.8.15,2024-11-29T17:06:56.043+00:00,1190322,2.914893627166748,47,0.0031094344442978436,8377001,3.176000838068945,2499
2024-11-30,0.8.15,2024-11-29T17:06:56.043+00:00,1190322,2.914893627166748,47,0.0031094344442978436,8377001,3.176000838068945,2499
2024-12-01,0.8.15,2024-11-29T17:06:56.043+00:00,1191302,2.914893627166748,47,0.00201522333292749,8401564,3.176000838068945,2505
2024-12-01,0.8.15,2024-11-29T17:06:56.043+00:00,1191302,2.914893627166748,47,0.00201522333292749,8401564,3.176000838068945,2505
2024-12-01,0.8.15,2024-11-29T17:06:56.043+00:00,1191302,2.914893627166748,47,0.00201522333292749,8401564,3.176000838068945,2505
2024-12-02,0.8.15,2024-11-29T17:06:56.043+00:00,1192789,2.914893627166748,47,0.004278189704997848,8440352,3.176000838068945,2511
2024-12-02,0.8.15,2024-11-29T17:06:56.043+00:00,1192789,2.914893627166748,47,0.004278189704997848,8440352,3.176000838068945,2511
2024-12-02,0.8.15,2024-11-29T17:06:56.043+00:00,1192789,2.914893627166748,47,0.004278189704997848,8440352,3.176000838068945,2511
2024-12-03,0.8.15,2024-11-29T17:06:56.043+00:00,1195268,2.914893627166748,47,0.005441402374962852,8475061,3.176000838068945,2518
2024-12-03,0.8.15,2024-11-29T17:06:56.043+00:00,1195268,2.914893627166748,47,0.005441402374962852,8475061,3.176000838068945,2518
2024-12-03,0.8.15,2024-11-29T17:06:56.043+00:00,1195268,2.914893627166748,47,0.005441402374962852,8475061,3.176000838068945,2518
2024-12-04,0.8.15,2024-11-29T17:06:56.043+00:00,1197709,2.914893627166748,47,0.004010098765390843,8489486,3.176000838068945,2522
2024-12-04,0.8.15,2024-11-29T17:06:56.043+00:00,1197709,2.914893627166748,47,0.004010098765390843,8489486,3.176000838068945,2522
2024-12-04,0.8.15,2024-11-29T17:06:56.043+00:00,1197709,2.914893627166748,47,0.004010098765390843,8489486,3.176000838068945,2522
2024-12-05,0.8.16,2024-12-05T12:10:57.453+00:00,1200144,2.914893627166748,47,0.0035852663894616514,8499553,3.176000838068945,2525
2024-12-05,0.8.16,2024-12-05T12:10:57.453+00:00,1200144,2.914893627166748,47,0.0035852663894616514,8499553,3.176000838068945,2525
2024-12-05,0.8.16,2024-12-05T12:10:57.453+00:00,1200144,2.914893627166748,47,0.0035852663894616514,8499553,3.176000838068945,2525
2024-12-06,0.8.16,2024-12-05T12:10:57.453+00:00,1202331,2.914893627166748,47,0.0051595250241124576,8606686,3.176000838068945,2531
2024-12-06,0.8.16,2024-12-05T12:10:57.453+00:00,1202331,2.914893627166748,47,0.0051595250241124576,8606686,3.176000838068945,2531
2024-12-06,0.8.16,2024-12-05T12:10:57.453+00:00,1202331,2.914893627166748,47,0.0051595250241124576,8606686,3.176000838068945,2531
2024-12-07,0.8.16,2024-12-05T12:10:57.453+00:00,1204116,2.914893627166748,47,0.002741508178417352,8630640,3.176000838068945,2535
2024-12-07,0.8.16,2024-12-05T12:10:57.453+00:00,1204116,2.914893627166748,47,0.002741508178417352,8630640,3.176000838068945,2535
2024-12-07,0.8.16,2024-12-05T12:10:57.453+00:00,1204116,2.914893627166748,47,0.002741508178417352,8630640,3.176000838068945,2535
2024-12-08,0.8.16,2024-12-05T12:10:57.453+00:00,1205136,2.914893627166748,47,0.0023240815520216606,8641021,3.176000838068945,2537
2024-12-08,0.8.16,2024-12-05T12:10:57.453+00:00,1205136,2.914893627166748,47,0.0023240815520216606,8641021,3.176000838068945,2537
2024-12-08,0.8.16,2024-12-05T12:10:57.453+00:00,1205136,2.914893627166748,47,0.0023240815520216606,8641021,3.176000838068945,2537
2024-12-09,0.8.16,2024-12-05T12:10:57.453+00:00,1206560,2.914893627166748,47,0.0034001955527100803,8655093,3.176000838068945,2550
2024-12-09,0.8.16,2024-12-05T12:10:57.453+00:00,1206560,2.914893627166748,47,0.0034001955527100803,8655093,3.176000838068945,2550
2024-12-09,0.8.16,2024-12-05T12:10:57.453+00:00,1206560,2.914893627166748,47,0.0034001955527100803,8655093,3.176000838068945,2550
2024-12-10,0.8.16,2024-12-05T12:10:57.453+00:00,1208982,2.914893627166748,47,0.006289979648605322,8668893,3.176000838068945,2575
2024-12-10,0.8.16,2024-12-05T12:10:57.453+00:00,1208982,2.914893627166748,47,0.006289979648605322,8668893,3.176000838068945,2575
2024-12-10,0.8.16,2024-12-05T12:10:57.453+00:00,1208982,2.914893627166748,47,0.006289979648605322,8668893,3.176000838068945,2575
2024-12-11,0.8.16,2024-12-05T12:10:57.453+00:00,1211212,2.914893627166748,47,0.003469537461091616,8677977,3.176000838068945,2590
2024-12-11,0.8.16,2024-12-05T12:10:57.453+00:00,1211212,2.914893627166748,47,0.003469537461091616,8677977,3.176000838068945,2590
2024-12-11,0.8.16,2024-12-05T12:10:57.453+00:00,1211212,2.914893627166748,47,0.003469537461091616,8677977,3.176000838068945,2590
2024-12-12,0.8.16,2024-12-05T12:10:57.453+00:00,1213469,2.875,48,0.0037928353340539725,8686213,3.176000838068945,2596
2024-12-12,0.8.16,2024-12-05T12:10:57.453+00:00,1213469,2.875,48,0.0037928353340539725,8686213,3.176000838068945,2596
2024-12-12,0.8.16,2024-12-05T12:10:57.453+00:00,1213469,2.875,48,0.0037928353340539725,8686213,3.176000838068945,2596
2024-12-13,0.8.16,2024-12-05T12:10:57.453+00:00,1215544,2.875,48,0.0031277599394860765,8691505,3.1384835740188404,2604
2024-12-13,0.8.16,2024-12-05T12:10:57.453+00:00,1215544,2.875,48,0.0031277599394860765,8691505,3.1384835740188404,2604
2024-12-13,0.8.16,2024-12-05T12:10:57.453+00:00,1215544,2.875,48,0.0031277599394860765,8691505,3.1384835740188404,2604
2024-12-14,0.8.16,2024-12-05T12:10:57.453+00:00,1217174,2.875,48,0.002876430202188388,8694983,3.1384835740188404,2610
2024-12-14,0.8.16,2024-12-05T12:10:57.453+00:00,1217174,2.875,48,0.002876430202188388,8694983,3.1384835740188404,2610
2024-12-14,0.8.16,2024-12-05T12:10:57.453+00:00,1217174,2.875,48,0.002876430202188388,8694983,3.1384835740188404,2610
2024-12-15,0.8.16,2024-12-05T12:10:57.453+00:00,1218192,2.875,48,0.002299279093886956,8697576,3.1384835740188404,2613
2024-12-15,0.8.16,2024-12-05T12:10:57.453+00:00,1218192,2.875,48,0.002299279093886956,8697576,3.1384835740188404,2613
2024-12-15,0.8.16,2024-12-05T12:10:57.453+00:00,1218192,2.875,48,0.002299279093886956,8697576,3.1384835740188404,2613
2024-12-16,0.8.16,2024-12-05T12:10:57.453+00:00,1219422,2.875,48,0.0026255376198516898,8700600,3.1384835740188404,2619
2024-12-16,0.8.16,2024-12-05T12:10:57.453+00:00,1219422,2.875,48,0.0026255376198516898,8700600,3.1384835740188404,2619
2024-12-16,0.8.16,2024-12-05T12:10:57.453+00:00,1219422,2.875,48,0.0026255376198516898,8700600,3.1384835740188404,2619
2024-12-17,0.8.16,2024-12-05T12:10:57.453+00:00,1220922,2.875,48,0.0026255376198516898,8702848,3.1384835740188404,2621
2024-12-17,0.8.16,2024-12-05T12:10:57.453+00:00,1220922,2.875,48,0.0026255376198516898,8702848,3.1384835740188404,2621
2024-12-17,0.8.16,2024-12-05T12:10:57.453+00:00,1220922,2.875,48,0.0026255376198516898,8702848,3.1384835740188404,2621
2024-12-17,0.8.16,2024-12-05T12:10:57.453+00:00,1221769,2.875,48,0.004340402183304192,8704343,3.1384835740188404,2623
2024-12-17,0.8.16,2024-12-05T12:10:57.453+00:00,1221769,2.875,48,0.004340402183304192,8704343,3.1384835740188404,2623
2024-12-17,0.8.16,2024-12-05T12:10:57.453+00:00,1221769,2.875,48,0.004340402183304192,8704343,3.1384835740188404,2623
2024-12-18,0.8.16,2024-12-05T12:10:57.453+00:00,1223991,2.875,48,0.0034333472847127757,8707566,3.1384835740188404,2628
2024-12-18,0.8.16,2024-12-05T12:10:57.453+00:00,1223991,2.875,48,0.0034333472847127757,8707566,3.1384835740188404,2628
2024-12-18,0.8.16,2024-12-05T12:10:57.453+00:00,1223991,2.875,48,0.0034333472847127757,8707566,3.1384835740188404,2628
2024-12-19,0.8.16,2024-12-05T12:10:57.453+00:00,1226120,2.875,48,0.005222422143069887,8710647,3.1384835740188404,2632
2024-12-19,0.8.16,2024-12-05T12:10:57.453+00:00,1226120,2.875,48,0.005222422143069887,8710647,3.1384835740188404,2632
2024-12-19,0.8.16,2024-12-05T12:10:57.453+00:00,1226120,2.875,48,0.005222422143069887,8710647,3.1384835740188404,2632
2024-12-20,0.8.16,2024-12-05T12:10:57.453+00:00,1228062,2.875,48,0.0032586982803849175,8713147,3.1384835740188404,2638
2024-12-20,0.8.16,2024-12-05T12:10:57.453+00:00,1228062,2.875,48,0.0032586982803849175,8713147,3.1384835740188404,2638
2024-12-20,0.8.16,2024-12-05T12:10:57.453+00:00,1228062,2.875,48,0.0032586982803849175,8713147,3.1384835740188404,2638
2024-12-21,0.8.16,2024-12-05T12:10:57.453+00:00,1229482,2.875,48,0.003010278881998695,8715062,3.1384835740188404,2641
2024-12-21,0.8.16,2024-12-05T12:10:57.453+00:00,1229482,2.875,48,0.003010278881998695,8715062,3.1384835740188404,2641
2024-12-21,0.8.16,2024-12-05T12:10:57.453+00:00,1229482,2.875,48,0.003010278881998695,8715062,3.1384835740188404,2641
2024-12-22,0.8.16,2024-12-05T12:10:57.453+00:00,1230320,2.875,48,0.0019511973034453266,8716586,3.1384835740188404,2643
2024-12-22,0.8.16,2024-12-05T12:10:57.453+00:00,1230320,2.875,48,0.0019511973034453266,8716586,3.1384835740188404,2643
2024-12-22,0.8.16,2024-12-05T12:10:57.453+00:00,1230320,2.875,48,0.0019511973034453266,8716586,3.1384835740188404,2643
2024-12-23,0.8.16,2024-12-05T12:10:57.453+00:00,1231318,2.875,48,0.0019499132288613157,8718265,3.1384835740188404,2646
2024-12-23,0.8.16,2024-12-05T12:10:57.453+00:00,1231318,2.875,48,0.0019499132288613157,8718265,3.1384835740188404,2646
2024-12-23,0.8.16,2024-12-05T12:10:57.453+00:00,1231318,2.875,48,0.0019499132288613157,8718265,3.1384835740188404,2646
2024-12-24,0.8.16,2024-12-05T12:10:57.453+00:00,1232663,2.875,48,0.0031649935482823822,8719994,3.1384835740188404,2650
2024-12-24,0.8.16,2024-12-05T12:10:57.453+00:00,1232663,2.875,48,0.0031649935482823822,8719994,3.1384835740188404,2650
2024-12-24,0.8.16,2024-12-05T12:10:57.453+00:00,1232663,2.875,48,0.0031649935482823822,8719994,3.1384835740188404,2650
2024-12-25,0.8.16,2024-12-05T12:10:57.453+00:00,1233614,2.875,48,0.0010541227144795107,8721234,3.1384835740188404,2652
2024-12-25,0.8.16,2024-12-05T12:10:57.453+00:00,1233614,2.875,48,0.0010541227144795107,8721234,3.1384835740188404,2652
2024-12-25,0.8.16,2024-12-05T12:10:57.453+00:00,1233614,2.875,48,0.0010541227144795107,8721234,3.1384835740188404,2652
2024-12-26,0.8.16,2024-12-05T12:10:57.453+00:00,1234533,2.875,48,0.0017016214832143144,8722426,3.1384835740188404,2656
2024-12-26,0.8.16,2024-12-05T12:10:57.453+00:00,1234533,2.875,48,0.0017016214832143144,8722426,3.1384835740188404,2656
2024-12-26,0.8.16,2024-12-05T12:10:57.453+00:00,1234533,2.875,48,0.0017016214832143144,8722426,3.1384835740188404,2656
2024-12-27,0.8.16,2024-12-05T12:10:57.453+00:00,1235622,2.875,48,0.00194300518134715,8723820,3.1384835740188404,2658
2024-12-27,0.8.16,2024-12-05T12:10:57.453+00:00,1235622,2.875,48,0.00194300518134715,8723820,3.1384835740188404,2658
2024-12-27,0.8.16,2024-12-05T12:10:57.453+00:00,1235622,2.875,48,0.00194300518134715,8723820,3.1384835740188404,2658
2024-12-28,0.8.16,2024-12-05T12:10:57.453+00:00,1236561,2.875,48,0.002426719148512785,8725019,3.1384835740188404,2665
2024-12-28,0.8.16,2024-12-05T12:10:57.453+00:00,1236561,2.875,48,0.002426719148512785,8725019,3.1384835740188404,2665
2024-12-28,0.8.16,2024-12-05T12:10:57.453+00:00,1236561,2.875,48,0.002426719148512785,8725019,3.1384835740188404,2665
2024-12-29,0.8.16,2024-12-05T12:10:57.453+00:00,1237329,2.875,48,0.0012125866494209897,8726036,3.1384835740188404,2667
2024-12-29,0.8.16,2024-12-05T12:10:57.453+00:00,1237329,2.875,48,0.0012125866494209897,8726036,3.1384835740188404,2667
2024-12-29,0.8.16,2024-12-05T12:10:57.453+00:00,1237329,2.875,48,0.0012125866494209897,8726036,3.1384835740188404,2667
2024-12-30,0.8.16,2024-12-05T12:10:57.453+00:00,1238245,2.875,48,0.0022619993003959306,8727121,3.1384835740188404,2668
2024-12-30,0.8.16,2024-12-05T12:10:57.453+00:00,1238245,2.875,48,0.0022619993003959306,8727121,3.1384835740188404,2668
2024-12-30,0.8.16,2024-12-05T12:10:57.453+00:00,1238245,2.875,48,0.0022619993003959306,8727121,3.1384835740188404,2668
2024-12-31,0.8.16,2024-12-05T12:10:57.453+00:00,1239279,2.875,48,0.0018564421367164704,8728314,3.1384835740188404,2670
2024-12-31,0.8.16,2024-12-05T12:10:57.453+00:00,1239279,2.875,48,0.0018564421367164704,8728314,3.1384835740188404,2670
2024-12-31,0.8.16,2024-12-05T12:10:57.453+00:00,1239279,2.875,48,0.0018564421367164704,8728314,3.1384835740188404,2670
2025-01-01,0.8.16,2024-12-05T12:10:57.453+00:00,1240086,2.875,48,0.0008065725987930447,8729136,3.1384835740188404,2672
2025-01-01,0.8.16,2024-12-05T12:10:57.453+00:00,1240086,2.875,48,0.0008065725987930447,8729136,3.1384835740188404,2672
2025-01-01,0.8.16,2024-12-05T12:10:57.453+00:00,1240086,2.875,48,0.0008065725987930447,8729136,3.1384835740188404,2672
2025-01-02,0.8.16,2024-12-05T12:10:57.453+00:00,1241029,2.875,48,0.0013703267826339293,8730248,3.1384835740188404,2674
2025-01-02,0.8.16,2024-12-05T12:10:57.453+00:00,1241029,2.875,48,0.0013703267826339293,8730248,3.1384835740188404,2674
2025-01-02,0.8.16,2024-12-05T12:10:57.453+00:00,1241029,2.875,48,0.0013703267826339293,8730248,3.1384835740188404,2674
2025-01-03,0.8.16,2024-12-05T12:10:57.453+00:00,1242631,2.875,48,0.002898161036317983,8731637,3.1384835740188404,2681
2025-01-03,0.8.16,2024-12-05T12:10:57.453+00:00,1242631,2.875,48,0.002898161036317983,8731637,3.1384835740188404,2681
2025-01-03,0.8.16,2024-12-05T12:10:57.453+00:00,1242631,2.875,48,0.002898161036317983,8731637,3.1384835740188404,2681
2025-01-04,0.8.16,2024-12-05T12:10:57.453+00:00,1243948,2.875,48,0.0026535159488369963,8732814,3.1384835740188404,2688
2025-01-04,0.8.16,2024-12-05T12:10:57.453+00:00,1243948,2.875,48,0.0026535159488369963,8732814,3.1384835740188404,2688
2025-01-04,0.8.16,2024-12-05T12:10:57.453+00:00,1243948,2.875,48,0.0026535159488369963,8732814,3.1384835740188404,2688
2025-01-05,0.8.16,2024-12-05T12:10:57.453+00:00,1244755,2.875,48,0.0020089357461990937,8733744,3.1384835740188404,2689
2025-01-05,0.8.16,2024-12-05T12:10:57.453+00:00,1244755,2.875,48,0.0020089357461990937,8733744,3.1384835740188404,2689
2025-01-05,0.8.16,2024-12-05T12:10:57.453+00:00,1244755,2.875,48,0.0020089357461990937,8733744,3.1384835740188404,2689
2025-01-06,0.8.16,2024-12-05T12:10:57.453+00:00,1245983,2.875,48,0.004255814607079909,8734947,3.1384835740188404,2689
2025-01-06,0.8.16,2024-12-05T12:10:57.453+00:00,1245983,2.875,48,0.004255814607079909,8734947,3.1384835740188404,2689
2025-01-06,0.8.16,2024-12-05T12:10:57.453+00:00,1245983,2.875,48,0.004255814607079909,8734947,3.1384835740188404,2689
2025-01-07,0.8.16,2024-12-05T12:10:57.453+00:00,1248321,2.875,48,0.004568555991661183,8736646,3.1384835740188404,2689
2025-01-07,0.8.16,2024-12-05T12:10:57.453+00:00,1248321,2.875,48,0.004568555991661183,8736646,3.1384835740188404,2689
2025-01-07,0.8.16,2024-12-05T12:10:57.453+00:00,1248321,2.875,48,0.004568555991661183,8736646,3.1384835740188404,2689
2025-01-08,0.8.16,2024-12-05T12:10:57.453+00:00,1250626,2.8367347717285156,49,0.0044001936085187755,8738181,3.1384835740188404,2693
2025-01-08,0.8.16,2024-12-05T12:10:57.453+00:00,1250626,2.8367347717285156,49,0.0044001936085187755,8738181,3.1384835740188404,2693
2025-01-08,0.8.16,2024-12-05T12:10:57.453+00:00,1250626,2.8367347717285156,49,0.0044001936085187755,8738181,3.1384835740188404,2693
2025-01-09,0.8.17,2025-01-08T19:34:12.897+00:00,1253052,2.8367347717285156,49,0.004072516343966328,8758538,3.1022381543693216,2701
2025-01-09,0.8.17,2025-01-08T19:34:12.897+00:00,1253052,2.8367347717285156,49,0.004072516343966328,8758538,3.1022381543693216,2701
2025-01-09,0.8.17,2025-01-08T19:34:12.897+00:00,1253052,2.8367347717285156,49,0.004072516343966328,8758538,3.1022381543693216,2701
2025-01-10,0.8.17,2025-01-08T19:34:12.897+00:00,1255339,2.8367347717285156,49,0.003905169727443062,8772356,3.1022381543693216,2709
2025-01-10,0.8.17,2025-01-08T19:34:12.897+00:00,1255339,2.8367347717285156,49,0.003905169727443062,8772356,3.1022381543693216,2709
2025-01-10,0.8.17,2025-01-08T19:34:12.897+00:00,1255339,2.8367347717285156,49,0.003905169727443062,8772356,3.1022381543693216,2709
2025-01-11,0.8.17,2025-01-08T19:34:12.897+00:00,1257198,2.8367347717285156,49,0.003580274121699087,8778855,3.1022381543693216,2712
2025-01-11,0.8.17,2025-01-08T19:34:12.897+00:00,1257198,2.8367347717285156,49,0.003580274121699087,8778855,3.1022381543693216,2712
2025-01-11,0.8.17,2025-01-08T19:34:12.897+00:00,1257198,2.8367347717285156,49,0.003580274121699087,8778855,3.1022381543693216,2712
2025-01-12,0.8.17,2025-01-08T19:34:12.897+00:00,1258047,2.8367347717285156,49,0.0021466939323298464,8781632,3.1022381543693216,2712
2025-01-12,0.8.17,2025-01-08T19:34:12.897+00:00,1258047,2.8367347717285156,49,0.0021466939323298464,8781632,3.1022381543693216,2712
2025-01-12,0.8.17,2025-01-08T19:34:12.897+00:00,1258047,2.8367347717285156,49,0.0021466939323298464,8781632,3.1022381543693216,2712
2025-01-13,0.8.17,2025-01-08T19:34:12.897+00:00,1259283,2.8367347717285156,49,0.002383513712354387,8785655,3.1022381543693216,2714
2025-01-13,0.8.17,2025-01-08T19:34:12.897+00:00,1259283,2.8367347717285156,49,0.002383513712354387,8785655,3.1022381543693216,2714
2025-01-13,0.8.17,2025-01-08T19:34:12.897+00:00,1259283,2.8367347717285156,49,0.002383513712354387,8785655,3.1022381543693216,2714
2025-01-14,0.8.17,2025-01-08T19:34:12.897+00:00,1261684,2.8367347717285156,49,0.005630447557139129,8798094,3.1022381543693216,2718
2025-01-14,0.8.17,2025-01-08T19:34:12.897+00:00,1261684,2.8367347717285156,49,0.005630447557139129,8798094,3.1022381543693216,2718
2025-01-14,0.8.17,2025-01-08T19:34:12.897+00:00,1261684,2.8367347717285156,49,0.005630447557139129,8798094,3.1022381543693216,2718
2025-01-15,0.8.17,2025-01-08T19:34:12.897+00:00,1263960,2.8775510787963867,49,0.005541030140829239,8801658,3.1022381543693216,2728
2025-01-15,0.8.17,2025-01-08T19:34:12.897+00:00,1263960,2.8775510787963867,49,0.005541030140829239,8801658,3.1022381543693216,2728
2025-01-15,0.8.17,2025-01-08T19:34:12.897+00:00,1263960,2.8775510787963867,49,0.005541030140829239,8801658,3.1022381543693216,2728
2025-01-16,0.8.17,2025-01-08T19:34:12.897+00:00,1266320,2.8775510787963867,49,0.005688727076207611,8804584,3.1361364432900958,2732
2025-01-16,0.8.17,2025-01-08T19:34:12.897+00:00,1266320,2.8775510787963867,49,0.005688727076207611,8804584,3.1361364432900958,2732
2025-01-16,0.8.17,2025-01-08T19:34:12.897+00:00,1266320,2.8775510787963867,49,0.005688727076207611,8804584,3.1361364432900958,2732
2025-01-17,0.8.18,2025-01-16T18:28:16.953+00:00,1268531,2.8775510787963867,49,0.005994144667104134,8828481,3.1361364432900958,2734
2025-01-17,0.8.18,2025-01-16T18:28:16.953+00:00,1268531,2.8775510787963867,49,0.005994144667104134,8828481,3.1361364432900958,2734
2025-01-17,0.8.18,2025-01-16T18:28:16.953+00:00,1268531,2.8775510787963867,49,0.005994144667104134,8828481,3.1361364432900958,2734
2025-01-18,0.8.18,2025-01-16T18:28:16.953+00:00,1270259,2.8775510787963867,49,0.0025986277670464078,8838943,3.1361364432900958,2739
2025-01-18,0.8.18,2025-01-16T18:28:16.953+00:00,1270259,2.8775510787963867,49,0.0025986277670464078,8838943,3.1361364432900958,2739
2025-01-18,0.8.18,2025-01-16T18:28:16.953+00:00,1270259,2.8775510787963867,49,0.0025986277670464078,8838943,3.1361364432900958,2739
2025-01-19,0.8.18,2025-01-16T18:28:16.953+00:00,1271139,2.8775510787963867,49,0.002596734252577259,8843541,3.1361364432900958,2742
2025-01-19,0.8.18,2025-01-16T18:28:16.953+00:00,1271139,2.8775510787963867,49,0.002596734252577259,8843541,3.1361364432900958,2742
2025-01-19,0.8.18,2025-01-16T18:28:16.953+00:00,1271139,2.8775510787963867,49,0.002596734252577259,8843541,3.1361364432900958,2742
2025-01-20,0.8.18,2025-01-16T18:28:16.953+00:00,1272326,2.8775510787963867,49,0.004010316736388513,8848916,3.1361364432900958,2743
2025-01-20,0.8.18,2025-01-16T18:28:16.953+00:00,1272326,2.8775510787963867,49,0.004010316736388513,8848916,3.1361364432900958,2743
2025-01-20,0.8.18,2025-01-16T18:28:16.953+00:00,1272326,2.8775510787963867,49,0.004010316736388513,8848916,3.1361364432900958,2743
2025-01-21,0.8.18,2025-01-16T18:28:16.953+00:00,1274284,2.8775510787963867,49,0.004161076038561398,8853614,3.1361364432900958,2875
2025-01-21,0.8.18,2025-01-16T18:28:16.953+00:00,1274284,2.8775510787963867,49,0.004161076038561398,8853614,3.1361364432900958,2875
2025-01-21,0.8.18,2025-01-16T18:28:16.953+00:00,1274284,2.8775510787963867,49,0.004161076038561398,8853614,3.1361364432900958,2875
2025-01-22,0.8.18,2025-01-16T18:28:16.953+00:00,1276573,2.8775510787963867,49,0.0036836482852617234,8857291,3.1361364432900958,2878
2025-01-22,0.8.18,2025-01-16T18:28:16.953+00:00,1276573,2.8775510787963867,49,0.0036836482852617234,8857291,3.1361364432900958,2878
2025-01-22,0.8.18,2025-01-16T18:28:16.953+00:00,1276573,2.8775510787963867,49,0.0036836482852617234,8857291,3.1361364432900958,2878
2025-01-23,0.8.18,2025-01-16T18:28:16.953+00:00,1279010,2.8775510787963867,49,0.0048501271593822184,8860017,3.1361364432900958,2880
2025-01-23,0.8.18,2025-01-16T18:28:16.953+00:00,1279010,2.8775510787963867,49,0.0048501271593822184,8860017,3.1361364432900958,2880
2025-01-23,0.8.18,2025-01-16T18:28:16.953+00:00,1279010,2.8775510787963867,49,0.0048501271593822184,8860017,3.1361364432900958,2880
2025-01-24,0.8.18,2025-01-16T18:28:16.953+00:00,1281211,2.880000114440918,50,0.004138688223245529,8862298,3.1338675502523103,2885
2025-01-24,0.8.18,2025-01-16T18:28:16.953+00:00,1281211,2.880000114440918,50,0.004138688223245529,8862298,3.1338675502523103,2885
2025-01-24,0.8.18,2025-01-16T18:28:16.953+00:00,1281211,2.880000114440918,50,0.004138688223245529,8862298,3.1338675502523103,2885
2025-01-25,0.8.18,2025-01-16T18:28:16.953+00:00,1282985,2.880000114440918,50,0.0028847203380580376,8864044,3.1338675502523103,2890
2025-01-25,0.8.18,2025-01-16T18:28:16.953+00:00,1282985,2.880000114440918,50,0.0028847203380580376,8864044,3.1338675502523103,2890
2025-01-25,0.8.18,2025-01-16T18:28:16.953+00:00,1282985,2.880000114440918,50,0.0028847203380580376,8864044,3.1338675502523103,2890
2025-01-26,0.8.18,2025-01-16T18:28:16.953+00:00,1283921,2.880000114440918,50,0.0022592655205698337,8865264,3.1338675502523103,2893
2025-01-26,0.8.18,2025-01-16T18:28:16.953+00:00,1283921,2.880000114440918,50,0.0022592655205698337,8865264,3.1338675502523103,2893
2025-01-26,0.8.18,2025-01-16T18:28:16.953+00:00,1283921,2.880000114440918,50,0.0022592655205698337,8865264,3.1338675502523103,2893
2025-01-27,0.8.18,2025-01-16T18:28:16.953+00:00,1285135,2.880000114440918,50,0.002802507309873233,8866810,3.1338675502523103,2897
2025-01-27,0.8.18,2025-01-16T18:28:16.953+00:00,1285135,2.880000114440918,50,0.002802507309873233,8866810,3.1338675502523103,2897
2025-01-27,0.8.18,2025-01-16T18:28:16.953+00:00,1285135,2.880000114440918,50,0.002802507309873233,8866810,3.1338675502523103,2897
2025-01-28,0.8.18,2025-01-16T18:28:16.953+00:00,1287519,2.880000114440918,50,0.004662562575475232,8868796,3.1338675502523103,2900
2025-01-28,0.8.18,2025-01-16T18:28:16.953+00:00,1287519,2.880000114440918,50,0.004662562575475232,8868796,3.1338675502523103,2900
2025-01-28,0.8.18,2025-01-16T18:28:16.953+00:00,1287519,2.880000114440918,50,0.004662562575475232,8868796,3.1338675502523103,2900
2025-01-29,0.9.0,2025-01-28T16:47:49.843+00:00,1290011,2.8627450466156006,51,0.0033351327537958467,8883537,3.115279420827678,2914
2025-01-29,0.9.0,2025-01-28T16:47:49.843+00:00,1290011,2.8627450466156006,51,0.0033351327537958467,8883537,3.115279420827678,2914
2025-01-29,0.9.0,2025-01-28T16:47:49.843+00:00,1290011,2.8627450466156006,51,0.0033351327537958467,8883537,3.115279420827678,2914
2025-01-30,0.9.0,2025-01-28T16:47:49.843+00:00,1292267,2.8627450466156006,51,0.004103329580980371,8892230,3.115279420827678,2916
2025-01-30,0.9.0,2025-01-28T16:47:49.843+00:00,1292267,2.8627450466156006,51,0.004103329580980371,8892230,3.115279420827678,2916
2025-01-30,0.9.0,2025-01-28T16:47:49.843+00:00,1292267,2.8627450466156006,51,0.004103329580980371,8892230,3.115279420827678,2916
2025-01-31,0.9.0,2025-01-28T16:47:49.843+00:00,1294339,2.8627450466156006,51,0.004096580360220813,8896764,3.115279420827678,2924
2025-01-31,0.9.0,2025-01-28T16:47:49.843+00:00,1294339,2.8627450466156006,51,0.004096580360220813,8896764,3.115279420827678,2924
2025-01-31,0.9.0,2025-01-28T16:47:49.843+00:00,1294339,2.8627450466156006,51,0.004096580360220813,8896764,3.115279420827678,2924
2025-02-01,0.9.0,2025-01-28T16:47:49.843+00:00,1296093,2.903846263885498,52,0.0037044583155828037,8899203,3.14567827443772,2931
2025-02-01,0.9.0,2025-01-28T16:47:49.843+00:00,1296093,2.903846263885498,52,0.0037044583155828037,8899203,3.14567827443772,2931
2025-02-01,0.9.0,2025-01-28T16:47:49.843+00:00,1296093,2.903846263885498,52,0.0037044583155828037,8899203,3.14567827443772,2931
2025-02-02,0.9.0,2025-01-28T16:47:49.843+00:00,1297151,2.903846263885498,52,0.003701493089775088,8900884,3.14567827443772,2932
2025-02-02,0.9.0,2025-01-28T16:47:49.843+00:00,1297151,2.903846263885498,52,0.003701493089775088,8900884,3.14567827443772,2932
2025-02-02,0.9.0,2025-01-28T16:47:49.843+00:00,1297151,2.903846263885498,52,0.003701493089775088,8900884,3.14567827443772,2932
2025-02-03,0.9.0,2025-01-28T16:47:49.843+00:00,1298445,2.903846263885498,52,0.0033132790058313715,8903165,3.14567827443772,2937
2025-02-03,0.9.0,2025-01-28T16:47:49.843+00:00,1298445,2.903846263885498,52,0.0033132790058313715,8903165,3.14567827443772,2937
2025-02-03,0.9.0,2025-01-28T16:47:49.843+00:00,1298445,2.903846263885498,52,0.0033132790058313715,8903165,3.14567827443772,2937
2025-02-04,0.9.1,2025-02-03T20:59:12.257+00:00,1301000,2.903846263885498,52,0.005306994233835396,8914785,3.14567827443772,2948
2025-02-04,0.9.1,2025-02-03T20:59:12.257+00:00,1301000,2.903846263885498,52,0.005306994233835396,8914785,3.14567827443772,2948
2025-02-04,0.9.1,2025-02-03T20:59:12.257+00:00,1301000,2.903846263885498,52,0.005306994233835396,8914785,3.14567827443772,2948
2025-02-05,0.9.1,2025-02-03T20:59:12.257+00:00,1303455,2.903846263885498,52,0.004528985507246377,8923195,3.14567827443772,2955
2025-02-05,0.9.1,2025-02-03T20:59:12.257+00:00,1303455,2.903846263885498,52,0.004528985507246377,8923195,3.14567827443772,2955
2025-02-05,0.9.1,2025-02-03T20:59:12.257+00:00,1303455,2.903846263885498,52,0.004528985507246377,8923195,3.14567827443772,2955
2025-02-06,0.9.1,2025-02-03T20:59:12.257+00:00,1305839,2.903846263885498,52,0.004444028987328388,8927272,3.14567827443772,2964
2025-02-06,0.9.1,2025-02-03T20:59:12.257+00:00,1305839,2.903846263885498,52,0.004444028987328388,8927272,3.14567827443772,2964
2025-02-06,0.9.1,2025-02-03T20:59:12.257+00:00,1305839,2.903846263885498,52,0.004444028987328388,8927272,3.14567827443772,2964
2025-02-07,0.9.1,2025-02-03T20:59:12.257+00:00,1308181,2.903846263885498,52,0.005124404479188417,8930886,3.14567827443772,2968
2025-02-07,0.9.1,2025-02-03T20:59:12.257+00:00,1308181,2.903846263885498,52,0.005124404479188417,8930886,3.14567827443772,2968
2025-02-07,0.9.1,2025-02-03T20:59:12.257+00:00,1308181,2.903846263885498,52,0.005124404479188417,8930886,3.14567827443772,2968
2025-02-08,0.9.2,2025-02-07T19:13:45.22+00:00,1310082,2.903846263885498,52,0.003359814782574168,8940095,3.14567827443772,2974
2025-02-08,0.9.2,2025-02-07T19:13:45.22+00:00,1310082,2.903846263885498,52,0.003359814782574168,8940095,3.14567827443772,2974
2025-02-08,0.9.2,2025-02-07T19:13:45.22+00:00,1310082,2.903846263885498,52,0.003359814782574168,8940095,3.14567827443772,2974
2025-02-09,0.9.2,2025-02-07T19:13:45.22+00:00,1311148,2.903846263885498,52,0.0028227682964974787,8944535,3.14567827443772,2978
2025-02-09,0.9.2,2025-02-07T19:13:45.22+00:00,1311148,2.903846263885498,52,0.0028227682964974787,8944535,3.14567827443772,2978
2025-02-09,0.9.2,2025-02-07T19:13:45.22+00:00,1311148,2.903846263885498,52,0.0028227682964974787,8944535,3.14567827443772,2978
2025-02-10,0.9.2,2025-02-07T19:13:45.22+00:00,1312569,2.903846263885498,52,0.0034302597697609643,8950450,3.14567827443772,2981
2025-02-10,0.9.2,2025-02-07T19:13:45.22+00:00,1312569,2.903846263885498,52,0.0034302597697609643,8950450,3.14567827443772,2981
2025-02-10,0.9.2,2025-02-07T19:13:45.22+00:00,1312569,2.903846263885498,52,0.0034302597697609643,8950450,3.14567827443772,2981
2025-02-11,0.9.4,2025-02-10T22:58:48.23+00:00,1314977,2.903846263885498,52,0.00410866662355103,8964334,3.14567827443772,2990
2025-02-11,0.9.4,2025-02-10T22:58:48.23+00:00,1314977,2.903846263885498,52,0.00410866662355103,8964334,3.14567827443772,2990
2025-02-11,0.9.4,2025-02-10T22:58:48.23+00:00,1314977,2.903846263885498,52,0.00410866662355103,8964334,3.14567827443772,2990
2025-02-12,0.9.4,2025-02-10T22:58:48.23+00:00,1317341,2.903846263885498,52,0.005164775320880655,8972869,3.14567827443772,2996
2025-02-12,0.9.4,2025-02-10T22:58:48.23+00:00,1317341,2.903846263885498,52,0.005164775320880655,8972869,3.14567827443772,2996
2025-02-12,0.9.4,2025-02-10T22:58:48.23+00:00,1317341,2.903846263885498,52,0.005164775320880655,8972869,3.14567827443772,2996
2025-02-13,0.9.4,2025-02-10T22:58:48.23+00:00,1319668,2.903846263885498,52,0.004776447111841647,8976336,3.14567827443772,3000
2025-02-13,0.9.4,2025-02-10T22:58:48.23+00:00,1319668,2.903846263885498,52,0.004776447111841647,8976336,3.14567827443772,3000
2025-02-13,0.9.4,2025-02-10T22:58:48.23+00:00,1319668,2.903846263885498,52,0.004776447111841647,8976336,3.14567827443772,3000
2025-02-14,0.9.4,2025-02-10T22:58:48.23+00:00,1321765,2.903846263885498,52,0.0050712933008972404,8978916,3.14567827443772,3010
2025-02-14,0.9.4,2025-02-10T22:58:48.23+00:00,1321765,2.903846263885498,52,0.0050712933008972404,8978916,3.14567827443772,3010
2025-02-14,0.9.4,2025-02-10T22:58:48.23+00:00,1321765,2.903846263885498,52,0.0050712933008972404,8978916,3.14567827443772,3010
2025-02-15,0.9.5,2025-02-14T16:53:46.987+00:00,1323459,2.903846263885498,52,0.0025696954306280487,8986951,3.14567827443772,3022
2025-02-15,0.9.5,2025-02-14T16:53:46.987+00:00,1323459,2.903846263885498,52,0.0025696954306280487,8986951,3.14567827443772,3022
2025-02-15,0.9.5,2025-02-14T16:53:46.987+00:00,1323459,2.903846263885498,52,0.0025696954306280487,8986951,3.14567827443772,3022
2025-02-16,0.9.5,2025-02-14T16:53:46.987+00:00,1324372,2.903846263885498,52,0.002039210236533282,8990282,3.14567827443772,3028
2025-02-16,0.9.5,2025-02-14T16:53:46.987+00:00,1324372,2.903846263885498,52,0.002039210236533282,8990282,3.14567827443772,3028
2025-02-16,0.9.5,2025-02-14T16:53:46.987+00:00,1324372,2.903846263885498,52,0.002039210236533282,8990282,3.14567827443772,3028
2025-02-17,0.9.5,2025-02-14T16:53:46.987+00:00,1325725,2.903846263885498,52,0.003245251178667681,8995305,3.14567827443772,3033
2025-02-17,0.9.5,2025-02-14T16:53:46.987+00:00,1325725,2.903846263885498,52,0.003245251178667681,8995305,3.14567827443772,3033
2025-02-17,0.9.5,2025-02-14T16:53:46.987+00:00,1325725,2.903846263885498,52,0.003245251178667681,8995305,3.14567827443772,3033
2025-02-18,0.9.5,2025-02-14T16:53:46.987+00:00,1327712,2.903846263885498,52,0.003918696099088753,8998915,3.14567827443772,3037
2025-02-18,0.9.5,2025-02-14T16:53:46.987+00:00,1327712,2.903846263885498,52,0.003918696099088753,8998915,3.14567827443772,3037
2025-02-18,0.9.5,2025-02-14T16:53:46.987+00:00,1327712,2.903846263885498,52,0.003918696099088753,8998915,3.14567827443772,3037
2025-02-19,0.9.5,2025-02-14T16:53:46.987+00:00,1330041,2.903846263885498,52,0.004438543104648057,9001557,3.14567827443772,3043
2025-02-19,0.9.5,2025-02-14T16:53:46.987+00:00,1330041,2.903846263885498,52,0.004438543104648057,9001557,3.14567827443772,3043
2025-02-19,0.9.5,2025-02-14T16:53:46.987+00:00,1330041,2.903846263885498,52,0.004438543104648057,9001557,3.14567827443772,3043
2025-02-20,0.9.6,2025-02-19T22:04:33.88+00:00,1332398,2.903846263885498,52,0.005632389695280207,9010919,3.14567827443772,3050
2025-02-20,0.9.6,2025-02-19T22:04:33.88+00:00,1332398,2.903846263885498,52,0.005632389695280207,9010919,3.14567827443772,3050
2025-02-20,0.9.6,2025-02-19T22:04:33.88+00:00,1332398,2.903846263885498,52,0.005632389695280207,9010919,3.14567827443772,3050
2025-02-21,0.9.6,2025-02-19T22:04:33.88+00:00,1334463,2.903846263885498,52,0.0035987404408457037,9017167,3.14567827443772,3198
2025-02-21,0.9.6,2025-02-19T22:04:33.88+00:00,1334463,2.903846263885498,52,0.0035987404408457037,9017167,3.14567827443772,3198
2025-02-21,0.9.6,2025-02-19T22:04:33.88+00:00,1334463,2.903846263885498,52,0.0035987404408457037,9017167,3.14567827443772,3198
2025-02-22,0.9.6,2025-02-19T22:04:33.88+00:00,1336144,2.903846263885498,52,0.003518698889962799,9019606,3.14567827443772,3205
2025-02-22,0.9.6,2025-02-19T22:04:33.88+00:00,1336144,2.903846263885498,52,0.003518698889962799,9019606,3.14567827443772,3205
2025-02-22,0.9.6,2025-02-19T22:04:33.88+00:00,1336144,2.903846263885498,52,0.003518698889962799,9019606,3.14567827443772,3205
2025-02-23,0.9.6,2025-02-19T22:04:33.88+00:00,1337357,2.903846263885498,52,0.0023188006863650032,9021030,3.14567827443772,3208
2025-02-23,0.9.6,2025-02-19T22:04:33.88+00:00,1337357,2.903846263885498,52,0.0023188006863650032,9021030,3.14567827443772,3208
2025-02-23,0.9.6,2025-02-19T22:04:33.88+00:00,1337357,2.903846263885498,52,0.0023188006863650032,9021030,3.14567827443772,3208
2025-02-24,0.9.6,2025-02-19T22:04:33.88+00:00,1338643,2.903846263885498,52,0.003886275617656247,9022693,3.14567827443772,3211
2025-02-24,0.9.6,2025-02-19T22:04:33.88+00:00,1338643,2.903846263885498,52,0.003886275617656247,9022693,3.14567827443772,3211
2025-02-24,0.9.6,2025-02-19T22:04:33.88+00:00,1338643,2.903846263885498,52,0.003886275617656247,9022693,3.14567827443772,3211
2025-02-25,0.9.6,2025-02-19T22:04:33.88+00:00,1340809,2.903846263885498,52,0.005372945874286499,9024556,3.14567827443772,3215
2025-02-25,0.9.6,2025-02-19T22:04:33.88+00:00,1340809,2.903846263885498,52,0.005372945874286499,9024556,3.14567827443772,3215
2025-02-25,0.9.6,2025-02-19T22:04:33.88+00:00,1340809,2.903846263885498,52,0.005372945874286499,9024556,3.14567827443772,3215
2025-02-26,0.9.6,2025-02-19T22:04:33.88+00:00,1342946,2.903846263885498,52,0.003427321414202224,9026258,3.14567827443772,3217
2025-02-26,0.9.6,2025-02-19T22:04:33.88+00:00,1342946,2.903846263885498,52,0.003427321414202224,9026258,3.14567827443772,3217
2025-02-26,0.9.6,2025-02-19T22:04:33.88+00:00,1342946,2.903846263885498,52,0.003427321414202224,9026258,3.14567827443772,3217
2025-02-27,0.9.7,2025-02-26T15:48:58.417+00:00,1345209,2.903846263885498,52,0.0041654331529799955,9036841,3.14567827443772,3233
2025-02-27,0.9.7,2025-02-26T15:48:58.417+00:00,1345209,2.903846263885498,52,0.0041654331529799955,9036841,3.14567827443772,3233
2025-02-27,0.9.7,2025-02-26T15:48:58.417+00:00,1345209,2.903846263885498,52,0.0041654331529799955,9036841,3.14567827443772,3233
2025-02-28,0.9.7,2025-02-26T15:48:58.417+00:00,1347328,2.903846263885498,52,0.004752689353827326,9041179,3.14567827443772,3235
2025-02-28,0.9.7,2025-02-26T15:48:58.417+00:00,1347328,2.903846263885498,52,0.004752689353827326,9041179,3.14567827443772,3235
2025-02-28,0.9.7,2025-02-26T15:48:58.417+00:00,1347328,2.903846263885498,52,0.004752689353827326,9041179,3.14567827443772,3235
2025-03-01,0.9.7,2025-02-26T15:48:58.417+00:00,1349069,2.903846263885498,52,0.0037817668414683336,9043117,3.14567827443772,3239
2025-03-01,0.9.7,2025-02-26T15:48:58.417+00:00,1349069,2.903846263885498,52,0.0037817668414683336,9043117,3.14567827443772,3239
2025-03-01,0.9.7,2025-02-26T15:48:58.417+00:00,1349069,2.903846263885498,52,0.0037817668414683336,9043117,3.14567827443772,3239
2025-03-02,0.9.7,2025-02-26T15:48:58.417+00:00,1350235,2.903846263885498,52,0.002222635467779565,9044329,3.14567827443772,3240
2025-03-02,0.9.7,2025-02-26T15:48:58.417+00:00,1350235,2.903846263885498,52,0.002222635467779565,9044329,3.14567827443772,3240
2025-03-02,0.9.7,2025-02-26T15:48:58.417+00:00,1350235,2.903846263885498,52,0.002222635467779565,9044329,3.14567827443772,3240
2025-03-03,0.9.7,2025-02-26T15:48:58.417+00:00,1351864,2.903846263885498,52,0.0035526765717263193,9045802,3.14567827443772,3243
2025-03-03,0.9.7,2025-02-26T15:48:58.417+00:00,1351864,2.903846263885498,52,0.0035526765717263193,9045802,3.14567827443772,3243
2025-03-03,0.9.7,2025-02-26T15:48:58.417+00:00,1351864,2.903846263885498,52,0.0035526765717263193,9045802,3.14567827443772,3243
2025-03-04,0.9.7,2025-02-26T15:48:58.417+00:00,1354105,2.903846263885498,52,0.005098870046059792,9047417,3.14567827443772,3392
2025-03-04,0.9.7,2025-02-26T15:48:58.417+00:00,1354105,2.903846263885498,52,0.005098870046059792,9047417,3.14567827443772,3392
2025-03-04,0.9.7,2025-02-26T15:48:58.417+00:00,1354105,2.903846263885498,52,0.005098870046059792,9047417,3.14567827443772,3392
2025-03-05,0.9.7,2025-02-26T15:48:58.417+00:00,1356263,2.903846263885498,52,0.0047953952401644595,9048755,3.14567827443772,3399
2025-03-05,0.9.7,2025-02-26T15:48:58.417+00:00,1356263,2.903846263885498,52,0.0047953952401644595,9048755,3.14567827443772,3399
2025-03-05,0.9.7,2025-02-26T15:48:58.417+00:00,1356263,2.903846263885498,52,0.0047953952401644595,9048755,3.14567827443772,3399
2025-03-06,0.9.7,2025-02-26T15:48:58.417+00:00,1358514,2.903846263885498,52,0.004124604295775374,9050063,3.14567827443772,3402
2025-03-06,0.9.7,2025-02-26T15:48:58.417+00:00,1358514,2.903846263885498,52,0.004124604295775374,9050063,3.14567827443772,3402
2025-03-06,0.9.7,2025-02-26T15:48:58.417+00:00,1358514,2.903846263885498,52,0.004124604295775374,9050063,3.14567827443772,3402
2025-03-07,0.9.7,2025-02-26T15:48:58.417+00:00,1360612,2.903846263885498,52,0.0038239849158502705,9051104,3.14567827443772,3409
2025-03-07,0.9.7,2025-02-26T15:48:58.417+00:00,1360612,2.903846263885498,52,0.0038239849158502705,9051104,3.14567827443772,3409
2025-03-07,0.9.7,2025-02-26T15:48:58.417+00:00,1360612,2.903846263885498,52,0.0038239849158502705,9051104,3.14567827443772,3409
2025-03-08,0.9.7,2025-02-26T15:48:58.417+00:00,1362255,2.903846263885498,52,0.0031575461313818227,9051907,3.14567827443772,3416
2025-03-08,0.9.7,2025-02-26T15:48:58.417+00:00,1362255,2.903846263885498,52,0.0031575461313818227,9051907,3.14567827443772,3416
2025-03-08,0.9.7,2025-02-26T15:48:58.417+00:00,1362255,2.903846263885498,52,0.0031575461313818227,9051907,3.14567827443772,3416
2025-03-09,0.9.7,2025-02-26T15:48:58.417+00:00,1363381,2.903846263885498,52,0.0018342538842160252,9052508,3.14567827443772,3419
2025-03-09,0.9.7,2025-02-26T15:48:58.417+00:00,1363381,2.903846263885498,52,0.0018342538842160252,9052508,3.14567827443772,3419
2025-03-09,0.9.7,2025-02-26T15:48:58.417+00:00,1363381,2.903846263885498,52,0.0018342538842160252,9052508,3.14567827443772,3419
2025-03-10,0.9.7,2025-02-26T15:48:58.417+00:00,1364769,2.903846263885498,52,0.0035188423008830094,9053392,3.14567827443772,3424
2025-03-10,0.9.7,2025-02-26T15:48:58.417+00:00,1364769,2.903846263885498,52,0.0035188423008830094,9053392,3.14567827443772,3424
2025-03-10,0.9.7,2025-02-26T15:48:58.417+00:00,1364769,2.903846263885498,52,0.0035188423008830094,9053392,3.14567827443772,3424
2025-03-11,0.9.7,2025-02-26T15:48:58.417+00:00,1366835,2.903846263885498,52,0.0027817022553749075,9054355,3.14567827443772,3430
2025-03-11,0.9.7,2025-02-26T15:48:58.417+00:00,1366835,2.903846263885498,52,0.0027817022553749075,9054355,3.14567827443772,3430
2025-03-11,0.9.7,2025-02-26T15:48:58.417+00:00,1366835,2.903846263885498,52,0.0027817022553749075,9054355,3.14567827443772,3430
2025-03-12,0.9.7,2025-02-26T15:48:58.417+00:00,1368896,2.903846263885498,52,0.0029966817231650805,9055252,3.14567827443772,3436
2025-03-12,0.9.7,2025-02-26T15:48:58.417+00:00,1368896,2.903846263885498,52,0.0029966817231650805,9055252,3.14567827443772,3436
2025-03-12,0.9.7,2025-02-26T15:48:58.417+00:00,1368896,2.903846263885498,52,0.0029966817231650805,9055252,3.14567827443772,3436
2025-03-13,0.9.7,2025-02-26T15:48:58.417+00:00,1370994,2.903846263885498,52,0.004743628759234568,9056026,3.14567827443772,3439
2025-03-13,0.9.7,2025-02-26T15:48:58.417+00:00,1370994,2.903846263885498,52,0.004743628759234568,9056026,3.14567827443772,3439
2025-03-13,0.9.7,2025-02-26T15:48:58.417+00:00,1370994,2.903846263885498,52,0.004743628759234568,9056026,3.14567827443772,3439
2025-03-14,0.9.7,2025-02-26T15:48:58.417+00:00,1372827,2.903846263885498,52,0.00393531508027314,9056741,3.14567827443772,3447
2025-03-14,0.9.7,2025-02-26T15:48:58.417+00:00,1372827,2.903846263885498,52,0.00393531508027314,9056741,3.14567827443772,3447
2025-03-14,0.9.7,2025-02-26T15:48:58.417+00:00,1372827,2.903846263885498,52,0.00393531508027314,9056741,3.14567827443772,3447
2025-03-15,0.9.7,2025-02-26T15:48:58.417+00:00,1374410,2.903846263885498,52,0.0032023359585210153,9057365,3.14567827443772,3451
2025-03-15,0.9.7,2025-02-26T15:48:58.417+00:00,1374410,2.903846263885498,52,0.0032023359585210153,9057365,3.14567827443772,3451
2025-03-15,0.9.7,2025-02-26T15:48:58.417+00:00,1374410,2.903846263885498,52,0.0032023359585210153,9057365,3.14567827443772,3451
2025-03-16,0.9.7,2025-02-26T15:48:58.417+00:00,1375561,2.903846263885498,52,0.00370872408256347,9057894,3.14567827443772,3457
2025-03-16,0.9.7,2025-02-26T15:48:58.417+00:00,1375561,2.903846263885498,52,0.00370872408256347,9057894,3.14567827443772,3457
2025-03-16,0.9.7,2025-02-26T15:48:58.417+00:00,1375561,2.903846263885498,52,0.00370872408256347,9057894,3.14567827443772,3457
2025-03-17,0.9.7,2025-02-26T15:48:58.417+00:00,1376940,2.903846263885498,52,0.0031244050914724084,9058505,3.14567827443772,3464
2025-03-17,0.9.7,2025-02-26T15:48:58.417+00:00,1376940,2.903846263885498,52,0.0031244050914724084,9058505,3.14567827443772,3464
2025-03-17,0.9.7,2025-02-26T15:48:58.417+00:00,1376940,2.903846263885498,52,0.0031244050914724084,9058505,3.14567827443772,3464
2025-03-18,0.9.7,2025-02-26T15:48:58.417+00:00,1378862,2.9433963298797607,53,0.004353536159745753,9059233,3.1751119488368262,3470
2025-03-18,0.9.7,2025-02-26T15:48:58.417+00:00,1378862,2.9433963298797607,53,0.004353536159745753,9059233,3.1751119488368262,3470
2025-03-18,0.9.7,2025-02-26T15:48:58.417+00:00,1378862,2.9433963298797607,53,0.004353536159745753,9059233,3.1751119488368262,3470
2025-03-19,0.9.9,2025-03-19T12:07:22+00:00,1381143,2.9433963298797607,53,0.003984791138983719,9068495,3.1751119488368262,3484
2025-03-19,0.9.9,2025-03-19T12:07:22+00:00,1381143,2.9433963298797607,53,0.003984791138983719,9068495,3.1751119488368262,3484
2025-03-19,0.9.9,2025-03-19T12:07:22+00:00,1381143,2.9433963298797607,53,0.003984791138983719,9068495,3.1751119488368262,3484
2025-03-20,0.9.10,2025-03-19T17:05:51.927+00:00,1383220,2.9433963298797607,53,0.003327281538650715,9082115,3.1751119488368262,3498
2025-03-20,0.9.10,2025-03-19T17:05:51.927+00:00,1383220,2.9433963298797607,53,0.003327281538650715,9082115,3.1751119488368262,3498
2025-03-20,0.9.10,2025-03-19T17:05:51.927+00:00,1383220,2.9433963298797607,53,0.003327281538650715,9082115,3.1751119488368262,3498
2025-03-21,0.9.11,2025-03-20T13:18:46.71+00:00,1385236,2.9433963298797607,53,0.003827933659742922,9093151,3.1751119488368262,3519
2025-03-21,0.9.11,2025-03-20T13:18:46.71+00:00,1385236,2.9433963298797607,53,0.003827933659742922,9093151,3.1751119488368262,3519
2025-03-21,0.9.11,2025-03-20T13:18:46.71+00:00,1385236,2.9433963298797607,53,0.003827933659742922,9093151,3.1751119488368262,3519
2025-03-22,0.9.12,2025-03-21T20:31:33.767+00:00,1386766,2.9433963298797607,53,0.003750818688309852,9099578,3.1751119488368262,3524
2025-03-22,0.9.12,2025-03-21T20:31:33.767+00:00,1386766,2.9433963298797607,53,0.003750818688309852,9099578,3.1751119488368262,3524
2025-03-22,0.9.12,2025-03-21T20:31:33.767+00:00,1386766,2.9433963298797607,53,0.003750818688309852,9099578,3.1751119488368262,3524
2025-03-23,0.9.12,2025-03-21T20:31:33.767+00:00,1387840,2.9433963298797607,53,0.0023784623745271003,9102254,3.1751119488368262,3532
2025-03-23,0.9.12,2025-03-21T20:31:33.767+00:00,1387840,2.9433963298797607,53,0.0023784623745271003,9102254,3.1751119488368262,3532
2025-03-23,0.9.12,2025-03-21T20:31:33.767+00:00,1387840,2.9433963298797607,53,0.0023784623745271003,9102254,3.1751119488368262,3532
2025-03-24,0.9.12,2025-03-21T20:31:33.767+00:00,1389187,2.9433963298797607,53,0.0026647422906124728,9106125,3.1751119488368262,3541
2025-03-24,0.9.12,2025-03-21T20:31:33.767+00:00,1389187,2.9433963298797607,53,0.0026647422906124728,9106125,3.1751119488368262,3541
2025-03-24,0.9.12,2025-03-21T20:31:33.767+00:00,1389187,2.9433963298797607,53,0.0026647422906124728,9106125,3.1751119488368262,3541
2025-03-25,0.9.12,2025-03-21T20:31:33.767+00:00,1391172,2.9433963298797607,53,0.004099212447797968,9109213,3.1751119488368262,3549
2025-03-25,0.9.12,2025-03-21T20:31:33.767+00:00,1391172,2.9433963298797607,53,0.004099212447797968,9109213,3.1751119488368262,3549
2025-03-25,0.9.12,2025-03-21T20:31:33.767+00:00,1391172,2.9433963298797607,53,0.004099212447797968,9109213,3.1751119488368262,3549
2025-03-26,0.9.12,2025-03-21T20:31:33.767+00:00,1393059,2.9433963298797607,53,0.0033037266755101204,9110941,3.1751119488368262,3558
2025-03-26,0.9.12,2025-03-21T20:31:33.767+00:00,1393059,2.9433963298797607,53,0.0033037266755101204,9110941,3.1751119488368262,3558
2025-03-26,0.9.12,2025-03-21T20:31:33.767+00:00,1393059,2.9433963298797607,53,0.0033037266755101204,9110941,3.1751119488368262,3558
2025-03-27,0.9.12,2025-03-21T20:31:33.767+00:00,1394983,2.9433963298797607,53,0.004231450290141223,9112220,3.1751119488368262,3562
2025-03-27,0.9.12,2025-03-21T20:31:33.767+00:00,1394983,2.9433963298797607,53,0.004231450290141223,9112220,3.1751119488368262,3562
2025-03-27,0.9.12,2025-03-21T20:31:33.767+00:00,1394983,2.9433963298797607,53,0.004231450290141223,9112220,3.1751119488368262,3562
2025-03-28,0.9.12,2025-03-21T20:31:33.767+00:00,1396753,2.9433963298797607,53,0.0031515215761045903,9113238,3.1751119488368262,3568
2025-03-28,0.9.12,2025-03-21T20:31:33.767+00:00,1396753,2.9433963298797607,53,0.0031515215761045903,9113238,3.1751119488368262,3568
2025-03-28,0.9.12,2025-03-21T20:31:33.767+00:00,1396753,2.9433963298797607,53,0.0031515215761045903,9113238,3.1751119488368262,3568
2025-03-29,0.9.13,2025-03-28T17:26:30.43+00:00,1398232,2.9433963298797607,53,0.00350537574408754,9118945,3.1751119488368262,3590
2025-03-29,0.9.13,2025-03-28T17:26:30.43+00:00,1398232,2.9433963298797607,53,0.00350537574408754,9118945,3.1751119488368262,3590
2025-03-29,0.9.13,2025-03-28T17:26:30.43+00:00,1398232,2.9433963298797607,53,0.00350537574408754,9118945,3.1751119488368262,3590
2025-03-30,0.9.13,2025-03-28T17:26:30.43+00:00,1399156,2.9433963298797607,53,0.0013582741054335252,9121155,3.1751119488368262,3599
2025-03-30,0.9.13,2025-03-28T17:26:30.43+00:00,1399156,2.9433963298797607,53,0.0013582741054335252,9121155,3.1751119488368262,3599
2025-03-30,0.9.13,2025-03-28T17:26:30.43+00:00,1399156,2.9433963298797607,53,0.0013582741054335252,9121155,3.1751119488368262,3599
2025-03-31,0.9.13,2025-03-28T17:26:30.43+00:00,1400373,2.9433963298797607,53,0.0027862914460852605,9124313,3.1751119488368262,3606
2025-03-31,0.9.13,2025-03-28T17:26:30.43+00:00,1400373,2.9433963298797607,53,0.0027862914460852605,9124313,3.1751119488368262,3606
2025-03-31,0.9.13,2025-03-28T17:26:30.43+00:00,1400373,2.9433963298797607,53,0.0027862914460852605,9124313,3.1751119488368262,3606
2025-04-01,0.9.13,2025-03-28T17:26:30.43+00:00,1402262,2.9433963298797607,53,0.004566372944240305,9127116,3.1751119488368262,3620
2025-04-01,0.9.13,2025-03-28T17:26:30.43+00:00,1402262,2.9433963298797607,53,0.004566372944240305,9127116,3.1751119488368262,3620
2025-04-01,0.9.13,2025-03-28T17:26:30.43+00:00,1402262,2.9433963298797607,53,0.004566372944240305,9127116,3.1751119488368262,3620
2025-04-02,0.9.13,2025-03-28T17:26:30.43+00:00,1404155,2.9433963298797607,53,0.004489014739644271,9128695,3.1751119488368262,3634
2025-04-02,0.9.13,2025-03-28T17:26:30.43+00:00,1404155,2.9433963298797607,53,0.004489014739644271,9128695,3.1751119488368262,3634
2025-04-02,0.9.13,2025-03-28T17:26:30.43+00:00,1404155,2.9433963298797607,53,0.004489014739644271,9128695,3.1751119488368262,3634
2025-04-03,0.9.13,2025-03-28T17:26:30.43+00:00,1406001,2.9433963298797607,53,0.0030598361635631862,9129910,3.1751119488368262,3643
2025-04-03,0.9.13,2025-03-28T17:26:30.43+00:00,1406001,2.9433963298797607,53,0.0030598361635631862,9129910,3.1751119488368262,3643
2025-04-03,0.9.13,2025-03-28T17:26:30.43+00:00,1406001,2.9433963298797607,53,0.0030598361635631862,9129910,3.1751119488368262,3643
2025-04-04,0.9.13,2025-03-28T17:26:30.43+00:00,1407776,2.9433963298797607,53,0.0040507494952552936,9131087,3.1751119488368262,3650
2025-04-04,0.9.13,2025-03-28T17:26:30.43+00:00,1407776,2.9433963298797607,53,0.0040507494952552936,9131087,3.1751119488368262,3650
2025-04-04,0.9.13,2025-03-28T17:26:30.43+00:00,1407776,2.9433963298797607,53,0.0040507494952552936,9131087,3.1751119488368262,3650
2025-04-05,0.9.13,2025-03-28T17:26:30.43+00:00,1409224,2.907407522201538,54,0.002200408992148799,9131890,3.1411258358121215,3653
2025-04-05,0.9.13,2025-03-28T17:26:30.43+00:00,1409224,2.907407522201538,54,0.002200408992148799,9131890,3.1411258358121215,3653
2025-04-05,0.9.13,2025-03-28T17:26:30.43+00:00,1409224,2.907407522201538,54,0.002200408992148799,9131890,3.1411258358121215,3653
2025-04-06,0.9.13,2025-03-28T17:26:30.43+00:00,1410172,2.907407522201538,54,0.0026244466496101277,9132474,3.1411258358121215,3656
2025-04-06,0.9.13,2025-03-28T17:26:30.43+00:00,1410172,2.907407522201538,54,0.0026244466496101277,9132474,3.1411258358121215,3656
2025-04-06,0.9.13,2025-03-28T17:26:30.43+00:00,1410172,2.907407522201538,54,0.0026244466496101277,9132474,3.1411258358121215,3656
2025-04-07,0.9.13,2025-03-28T17:26:30.43+00:00,1411411,2.907407522201538,54,0.0031897700530210665,9133204,3.1411258358121215,3659
2025-04-07,0.9.13,2025-03-28T17:26:30.43+00:00,1411411,2.907407522201538,54,0.0031897700530210665,9133204,3.1411258358121215,3659
2025-04-07,0.9.13,2025-03-28T17:26:30.43+00:00,1411411,2.907407522201538,54,0.0031897700530210665,9133204,3.1411258358121215,3659
2025-04-08,0.9.13,2025-03-28T17:26:30.43+00:00,1413157,2.907407522201538,54,0.0034689234019236238,9134047,3.1411258358121215,3662
2025-04-08,0.9.13,2025-03-28T17:26:30.43+00:00,1413157,2.907407522201538,54,0.0034689234019236238,9134047,3.1411258358121215,3662
2025-04-08,0.9.13,2025-03-28T17:26:30.43+00:00,1413157,2.907407522201538,54,0.0034689234019236238,9134047,3.1411258358121215,3662
2025-04-09,0.9.13,2025-03-28T17:26:30.43+00:00,1414855,2.943396226415094,53,0.002262654602946542,9134831,3.175111861795122,3665
2025-04-09,0.9.13,2025-03-28T17:26:30.43+00:00,1414855,2.943396226415094,53,0.002262654602946542,9134831,3.175111861795122,3665
2025-04-09,0.9.13,2025-03-28T17:26:30.43+00:00,1414855,2.943396226415094,53,0.002262654602946542,9134831,3.175111861795122,3665
2025-04-10,0.9.14,2025-04-09T17:13:46.133+00:00,1416736,2.943396226415094,53,0.0030367510436183384,9148223,3.175111861795122,3673
2025-04-10,0.9.14,2025-04-09T17:13:46.133+00:00,1416736,2.943396226415094,53,0.0030367510436183384,9148223,3.175111861795122,3673
2025-04-10,0.9.14,2025-04-09T17:13:46.133+00:00,1416736,2.943396226415094,53,0.0030367510436183384,9148223,3.175111861795122,3673
2025-04-11,0.9.14,2025-04-09T17:13:46.133+00:00,1418649,2.943396226415094,53,0.003103084465959163,9153939,3.175111861795122,3677
2025-04-11,0.9.14,2025-04-09T17:13:46.133+00:00,1418649,2.943396226415094,53,0.003103084465959163,9153939,3.175111861795122,3677
2025-04-11,0.9.14,2025-04-09T17:13:46.133+00:00,1418649,2.943396226415094,53,0.003103084465959163,9153939,3.175111861795122,3677
2025-04-12,0.9.14,2025-04-09T17:13:46.133+00:00,1420084,2.943396226415094,53,0.002747152118970001,9155880,3.175111861795122,3681
2025-04-12,0.9.14,2025-04-09T17:13:46.133+00:00,1420084,2.943396226415094,53,0.002747152118970001,9155880,3.175111861795122,3681
2025-04-12,0.9.14,2025-04-09T17:13:46.133+00:00,1420084,2.943396226415094,53,0.002747152118970001,9155880,3.175111861795122,3681
2025-04-13,0.9.14,2025-04-09T17:13:46.133+00:00,1421145,2.943396226415094,53,0.0016892724162930325,9156946,3.175111861795122,3684
2025-04-13,0.9.14,2025-04-09T17:13:46.133+00:00,1421145,2.943396226415094,53,0.0016892724162930325,9156946,3.175111861795122,3684
2025-04-13,0.9.14,2025-04-09T17:13:46.133+00:00,1421145,2.943396226415094,53,0.0016892724162930325,9156946,3.175111861795122,3684
2025-04-14,0.9.14,2025-04-09T17:13:46.133+00:00,1422475,2.943396226415094,53,0.004079267194814548,9158333,3.175111861795122,3685
2025-04-14,0.9.14,2025-04-09T17:13:46.133+00:00,1422475,2.943396226415094,53,0.004079267194814548,9158333,3.175111861795122,3685
2025-04-14,0.9.14,2025-04-09T17:13:46.133+00:00,1422475,2.943396226415094,53,0.004079267194814548,9158333,3.175111861795122,3685
2025-04-15,0.9.14,2025-04-09T17:13:46.133+00:00,1424219,2.943396226415094,53,0.0035825047327697327,9159983,3.175111861795122,3687
2025-04-15,0.9.14,2025-04-09T17:13:46.133+00:00,1424219,2.943396226415094,53,0.0035825047327697327,9159983,3.175111861795122,3687
2025-04-15,0.9.14,2025-04-09T17:13:46.133+00:00,1424219,2.943396226415094,53,0.0035825047327697327,9159983,3.175111861795122,3687
2025-04-16,0.9.14,2025-04-09T17:13:46.133+00:00,1425988,2.943396226415094,53,0.0032272956244887192,9161340,3.175111861795122,3691
2025-04-16,0.9.14,2025-04-09T17:13:46.133+00:00,1425988,2.943396226415094,53,0.0032272956244887192,9161340,3.175111861795122,3691
2025-04-16,0.9.14,2025-04-09T17:13:46.133+00:00,1425988,2.943396226415094,53,0.0032272956244887192,9161340,3.175111861795122,3691
2025-04-17,0.9.14,2025-04-09T17:13:46.133+00:00,1427696,2.943396226415094,53,0.003643913927950011,9162533,3.175111861795122,3692
2025-04-17,0.9.14,2025-04-09T17:13:46.133+00:00,1427696,2.943396226415094,53,0.003643913927950011,9162533,3.175111861795122,3692
2025-04-17,0.9.14,2025-04-09T17:13:46.133+00:00,1427696,2.943396226415094,53,0.003643913927950011,9162533,3.175111861795122,3692
2025-04-18,0.9.16,2025-04-18T05:17:48.407+00:00,1429294,2.943396226415094,53,0.0030098260320553473,9177339,3.175111861795122,3697
2025-04-18,0.9.16,2025-04-18T05:17:48.407+00:00,1429294,2.943396226415094,53,0.0030098260320553473,9177339,3.175111861795122,3697
2025-04-18,0.9.16,2025-04-18T05:17:48.407+00:00,1429294,2.943396226415094,53,0.0030098260320553473,9177339,3.175111861795122,3697
2025-04-19,0.9.16,2025-04-18T05:17:48.407+00:00,1430477,2.943396226415094,53,0.0016082544006735088,9194458,3.175111861795122,3702
2025-04-19,0.9.16,2025-04-18T05:17:48.407+00:00,1430477,2.943396226415094,53,0.0016082544006735088,9194458,3.175111861795122,3702
2025-04-19,0.9.16,2025-04-18T05:17:48.407+00:00,1430477,2.943396226415094,53,0.0016082544006735088,9194458,3.175111861795122,3702
2025-04-20,0.9.16,2025-04-18T05:17:48.407+00:00,1431342,2.943396226415094,53,0.002585555688327334,9198903,3.175111861795122,3708
2025-04-20,0.9.16,2025-04-18T05:17:48.407+00:00,1431342,2.943396226415094,53,0.002585555688327334,9198903,3.175111861795122,3708
2025-04-20,0.9.16,2025-04-18T05:17:48.407+00:00,1431342,2.943396226415094,53,0.002585555688327334,9198903,3.175111861795122,3708
2025-04-21,0.9.16,2025-04-18T05:17:48.407+00:00,1432456,2.943396226415094,53,0.002723653886444584,9205564,3.175111861795122,3710
2025-04-21,0.9.16,2025-04-18T05:17:48.407+00:00,1432456,2.943396226415094,53,0.002723653886444584,9205564,3.175111861795122,3710
2025-04-21,0.9.16,2025-04-18T05:17:48.407+00:00,1432456,2.943396226415094,53,0.002723653886444584,9205564,3.175111861795122,3710
2025-04-22,0.9.16,2025-04-18T05:17:48.407+00:00,1434042,2.943396226415094,53,0.0027207600268727376,9214156,3.175111861795122,3714
2025-04-22,0.9.16,2025-04-18T05:17:48.407+00:00,1434042,2.943396226415094,53,0.0027207600268727376,9214156,3.175111861795122,3714
2025-04-22,0.9.16,2025-04-18T05:17:48.407+00:00,1434042,2.943396226415094,53,0.0027207600268727376,9214156,3.175111861795122,3714
2025-04-23,0.9.16,2025-04-18T05:17:48.407+00:00,1435779,2.943396226415094,53,0.0030658965691920596,9219770,3.175111861795122,3715
2025-04-23,0.9.16,2025-04-18T05:17:48.407+00:00,1435779,2.943396226415094,53,0.0030658965691920596,9219770,3.175111861795122,3715
2025-04-23,0.9.16,2025-04-18T05:17:48.407+00:00,1435779,2.943396226415094,53,0.0030658965691920596,9219770,3.175111861795122,3715
2025-04-24,0.9.16,2025-04-18T05:17:48.407+00:00,1437477,2.943396226415094,53,0.0029925971497947986,9222965,3.175111861795122,3720
2025-04-24,0.9.16,2025-04-18T05:17:48.407+00:00,1437477,2.943396226415094,53,0.0029925971497947986,9222965,3.175111861795122,3720
2025-04-24,0.9.16,2025-04-18T05:17:48.407+00:00,1437477,2.943396226415094,53,0.0029925971497947986,9222965,3.175111861795122,3720
2025-04-25,0.9.16,2025-04-18T05:17:48.407+00:00,1439047,2.943396226415094,53,0.003475881553079492,9225284,3.175111861795122,3726
2025-04-25,0.9.16,2025-04-18T05:17:48.407+00:00,1439047,2.943396226415094,53,0.003475881553079492,9225284,3.175111861795122,3726
2025-04-25,0.9.16,2025-04-18T05:17:48.407+00:00,1439047,2.943396226415094,53,0.003475881553079492,9225284,3.175111861795122,3726
2025-04-26,0.9.16,2025-04-18T05:17:48.407+00:00,1440255,2.943396226415094,53,0.0026390300036876974,9226820,3.175111861795122,3727
2025-04-26,0.9.16,2025-04-18T05:17:48.407+00:00,1440255,2.943396226415094,53,0.0026390300036876974,9226820,3.175111861795122,3727
2025-04-26,0.9.16,2025-04-18T05:17:48.407+00:00,1440255,2.943396226415094,53,0.0026390300036876974,9226820,3.175111861795122,3727
2025-04-27,0.9.16,2025-04-18T05:17:48.407+00:00,1441157,2.943396226415094,53,0.002290443506210919,9227772,3.175111861795122,3729
2025-04-27,0.9.16,2025-04-18T05:17:48.407+00:00,1441157,2.943396226415094,53,0.002290443506210919,9227772,3.175111861795122,3729
2025-04-27,0.9.16,2025-04-18T05:17:48.407+00:00,1441157,2.943396226415094,53,0.002290443506210919,9227772,3.175111861795122,3729
2025-04-28,0.9.16,2025-04-18T05:17:48.407+00:00,1442270,2.943396226415094,53,0.0024277030045252385,9229340,3.175111861795122,3732
2025-04-28,0.9.16,2025-04-18T05:17:48.407+00:00,1442270,2.943396226415094,53,0.0024277030045252385,9229340,3.175111861795122,3732
2025-04-28,0.9.16,2025-04-18T05:17:48.407+00:00,1442270,2.943396226415094,53,0.0024277030045252385,9229340,3.175111861795122,3732
2025-04-29,0.9.17,2025-04-28T18:51:37.827+00:00,1443943,2.943396226415094,53,0.0031177317877697616,9276121,3.175111861795122,3737
2025-04-29,0.9.17,2025-04-28T18:51:37.827+00:00,1443943,2.943396226415094,53,0.0031177317877697616,9276121,3.175111861795122,3737
2025-04-29,0.9.17,2025-04-28T18:51:37.827+00:00,1443943,2.943396226415094,53,0.0031177317877697616,9276121,3.175111861795122,3737
2025-04-30,0.9.18,2025-04-29T16:56:37.63+00:00,1445710,2.943396226415094,53,0.0032524803622847914,9343607,3.175111861795122,3748
2025-04-30,0.9.18,2025-04-29T16:56:37.63+00:00,1445710,2.943396226415094,53,0.0032524803622847914,9343607,3.175111861795122,3748
2025-04-30,0.9.18,2025-04-29T16:56:37.63+00:00,1445710,2.943396226415094,53,0.0032524803622847914,9343607,3.175111861795122,3748
2025-05-01,0.9.19,2025-04-30T18:06:46.497+00:00,1447298,2.943396226415094,53,0.0027649075172996806,9402675,3.175111861795122,3752
2025-05-01,0.9.19,2025-04-30T18:06:46.497+00:00,1447298,2.943396226415094,53,0.0027649075172996806,9402675,3.175111861795122,3752
2025-05-01,0.9.19,2025-04-30T18:06:46.497+00:00,1447298,2.943396226415094,53,0.0027649075172996806,9402675,3.175111861795122,3752
2025-05-02,0.9.20,2025-05-02T11:52:32.573+00:00,1448843,2.943396226415094,53,0.002416736521860418,9428129,3.175111861795122,3757
2025-05-02,0.9.20,2025-05-02T11:52:32.573+00:00,1448843,2.943396226415094,53,0.002416736521860418,9428129,3.175111861795122,3757
2025-05-02,0.9.20,2025-05-02T11:52:32.573+00:00,1448843,2.943396226415094,53,0.002416736521860418,9428129,3.175111861795122,3757
2025-05-03,0.9.20,2025-05-02T11:52:32.573+00:00,1450020,2.943396226415094,53,0.0015865417115611983,9480491,3.175111861795122,3913
2025-05-03,0.9.20,2025-05-02T11:52:32.573+00:00,1450020,2.943396226415094,53,0.0015865417115611983,9480491,3.175111861795122,3913
2025-05-03,0.9.20,2025-05-02T11:52:32.573+00:00,1450020,2.943396226415094,53,0.0015865417115611983,9480491,3.175111861795122,3913
2025-05-04,0.9.20,2025-05-02T11:52:32.573+00:00,1450889,2.943396226415094,53,0.0017924210921083834,9491149,3.175111861795122,3915
2025-05-04,0.9.20,2025-05-02T11:52:32.573+00:00,1450889,2.943396226415094,53,0.0017924210921083834,9491149,3.175111861795122,3915
2025-05-04,0.9.20,2025-05-02T11:52:32.573+00:00,1450889,2.943396226415094,53,0.0017924210921083834,9491149,3.175111861795122,3915
2025-05-05,0.9.20,2025-05-02T11:52:32.573+00:00,1452000,2.943396226415094,53,0.0027558230541133415,9507447,3.175111861795122,3915
2025-05-05,0.9.20,2025-05-02T11:52:32.573+00:00,1452000,2.943396226415094,53,0.0027558230541133415,9507447,3.175111861795122,3915
2025-05-05,0.9.20,2025-05-02T11:52:32.573+00:00,1452000,2.943396226415094,53,0.0027558230541133415,9507447,3.175111861795122,3915
2025-05-06,0.9.20,2025-05-02T11:52:32.573+00:00,1453649,2.943396226415094,53,0.003096948954710907,9523114,3.175111861795122,3918
2025-05-06,0.9.20,2025-05-02T11:52:32.573+00:00,1453649,2.943396226415094,53,0.003096948954710907,9523114,3.175111861795122,3918
2025-05-06,0.9.20,2025-05-02T11:52:32.573+00:00,1453649,2.943396226415094,53,0.003096948954710907,9523114,3.175111861795122,3918
2025-05-07,0.9.21,2025-05-06T14:00:43.607+00:00,1455528,2.943396226415094,53,0.004055456651292591,9598421,3.175111861795122,3927
2025-05-07,0.9.21,2025-05-06T14:00:43.607+00:00,1455528,2.943396226415094,53,0.004055456651292591,9598421,3.175111861795122,3927
2025-05-07,0.9.21,2025-05-06T14:00:43.607+00:00,1455528,2.943396226415094,53,0.004055456651292591,9598421,3.175111861795122,3927
2025-05-08,0.9.22,2025-05-07T15:47:29.06+00:00,1457345,2.943396226415094,53,0.0026773449250926946,9675673,3.175111861795122,3936
2025-05-08,0.9.22,2025-05-07T15:47:29.06+00:00,1457345,2.943396226415094,53,0.0026773449250926946,9675673,3.175111861795122,3936
2025-05-08,0.9.22,2025-05-07T15:47:29.06+00:00,1457345,2.943396226415094,53,0.0026773449250926946,9675673,3.175111861795122,3936
2025-05-09,0.9.23,2025-05-09T12:15:39.61+00:00,1459143,2.943396226415094,53,0.0029484144044442887,9704913,3.175111861795122,3936
2025-05-09,0.9.23,2025-05-09T12:15:39.61+00:00,1459143,2.943396226415094,53,0.0029484144044442887,9704913,3.175111861795122,3936
2025-05-09,0.9.23,2025-05-09T12:15:39.61+00:00,1459143,2.943396226415094,53,0.0029484144044442887,9704913,3.175111861795122,3936
2025-05-10,0.9.23,2025-05-09T12:15:39.61+00:00,1460390,2.943396226415094,53,0.003013572720591811,9765803,3.175111861795122,3944
2025-05-10,0.9.23,2025-05-09T12:15:39.61+00:00,1460390,2.943396226415094,53,0.003013572720591811,9765803,3.175111861795122,3944
2025-05-10,0.9.23,2025-05-09T12:15:39.61+00:00,1460390,2.943396226415094,53,0.003013572720591811,9765803,3.175111861795122,3944
2025-05-11,0.9.23,2025-05-09T12:15:39.61+00:00,1461285,2.943396226415094,53,0.0017796773171227546,9778138,3.175111861795122,3947
2025-05-11,0.9.23,2025-05-09T12:15:39.61+00:00,1461285,2.943396226415094,53,0.0017796773171227546,9778138,3.175111861795122,3947
2025-05-11,0.9.23,2025-05-09T12:15:39.61+00:00,1461285,2.943396226415094,53,0.0017796773171227546,9778138,3.175111861795122,3947
2025-05-12,0.9.23,2025-05-09T12:15:39.61+00:00,1462465,2.943396226415094,53,0.0035570781065946857,9801075,3.175111861795122,3951
2025-05-12,0.9.23,2025-05-09T12:15:39.61+00:00,1462465,2.943396226415094,53,0.0035570781065946857,9801075,3.175111861795122,3951
2025-05-12,0.9.23,2025-05-09T12:15:39.61+00:00,1462465,2.943396226415094,53,0.0035570781065946857,9801075,3.175111861795122,3951
2025-05-13,0.9.23,2025-05-09T12:15:39.61+00:00,1464215,2.943396226415094,53,0.004304584177168485,9817561,3.175111861795122,3951
2025-05-13,0.9.23,2025-05-09T12:15:39.61+00:00,1464215,2.943396226415094,53,0.004304584177168485,9817561,3.175111861795122,3951
2025-05-13,0.9.23,2025-05-09T12:15:39.61+00:00,1464215,2.943396226415094,53,0.004304584177168485,9817561,3.175111861795122,3951
2025-05-14,0.9.23,2025-05-09T12:15:39.61+00:00,1465879,2.943396226415094,53,0.0021839038099566903,9826459,3.175111861795122,3953
2025-05-14,0.9.23,2025-05-09T12:15:39.61+00:00,1465879,2.943396226415094,53,0.0021839038099566903,9826459,3.175111861795122,3953
2025-05-14,0.9.23,2025-05-09T12:15:39.61+00:00,1465879,2.943396226415094,53,0.0021839038099566903,9826459,3.175111861795122,3953
2025-05-15,0.9.24,2025-05-14T19:17:07.67+00:00,1467526,2.943396226415094,53,0.0034766556209000175,9895839,3.175111861795122,3959
2025-05-15,0.9.24,2025-05-14T19:17:07.67+00:00,1467526,2.943396226415094,53,0.0034766556209000175,9895839,3.175111861795122,3959
2025-05-15,0.9.24,2025-05-14T19:17:07.67+00:00,1467526,2.943396226415094,53,0.0034766556209000175,9895839,3.175111861795122,3959
2025-05-16,0.9.24,2025-05-14T19:17:07.67+00:00,1469160,2.907407522201538,54,0.002110909931558853,9927909,3.1411258358121215,3965
2025-05-16,0.9.24,2025-05-14T19:17:07.67+00:00,1469160,2.907407522201538,54,0.002110909931558853,9927909,3.1411258358121215,3965
2025-05-16,0.9.24,2025-05-14T19:17:07.67+00:00,1469160,2.907407522201538,54,0.002110909931558853,9927909,3.1411258358121215,3965
2025-05-17,0.9.24,2025-05-14T19:17:07.67+00:00,1470389,2.907407522201538,54,0.002516943451083204,9937982,3.1411258358121215,3966
2025-05-17,0.9.24,2025-05-14T19:17:07.67+00:00,1470389,2.907407522201538,54,0.002516943451083204,9937982,3.1411258358121215,3966
2025-05-17,0.9.24,2025-05-14T19:17:07.67+00:00,1470389,2.907407522201538,54,0.002516943451083204,9937982,3.1411258358121215,3966
2025-05-18,0.9.24,2025-05-14T19:17:07.67+00:00,1471214,2.907407522201538,54,0.0014276788864648563,9943426,3.1411258358121215,3966
2025-05-18,0.9.24,2025-05-14T19:17:07.67+00:00,1471214,2.907407522201538,54,0.0014276788864648563,9943426,3.1411258358121215,3966
2025-05-18,0.9.24,2025-05-14T19:17:07.67+00:00,1471214,2.907407522201538,54,0.0014276788864648563,9943426,3.1411258358121215,3966
2025-05-19,0.9.24,2025-05-14T19:17:07.67+00:00,1472304,2.907407522201538,54,0.002513988306557093,9950344,3.1411258358121215,3967
2025-05-19,0.9.24,2025-05-14T19:17:07.67+00:00,1472304,2.907407522201538,54,0.002513988306557093,9950344,3.1411258358121215,3967
2025-05-19,0.9.24,2025-05-14T19:17:07.67+00:00,1472304,2.907407522201538,54,0.002513988306557093,9950344,3.1411258358121215,3967
2025-05-20,0.9.24,2025-05-14T19:17:07.67+00:00,1473892,2.907407522201538,54,0.001628999448176437,9958030,3.1411258358121215,3967
2025-05-20,0.9.24,2025-05-14T19:17:07.67+00:00,1473892,2.907407522201538,54,0.001628999448176437,9958030,3.1411258358121215,3967
2025-05-20,0.9.24,2025-05-14T19:17:07.67+00:00,1473892,2.907407522201538,54,0.001628999448176437,9958030,3.1411258358121215,3967
2025-05-21,0.9.25,2025-05-20T18:45:14.74+00:00,1475665,2.907407522201538,54,0.0033220451594751167,10030547,3.1411258358121215,3972
2025-05-21,0.9.25,2025-05-20T18:45:14.74+00:00,1475665,2.907407522201538,54,0.0033220451594751167,10030547,3.1411258358121215,3972
2025-05-21,0.9.25,2025-05-20T18:45:14.74+00:00,1475665,2.907407522201538,54,0.0033220451594751167,10030547,3.1411258358121215,3972
2025-05-22,0.9.25,2025-05-20T18:45:14.74+00:00,1477263,2.907407522201538,54,0.0026411365826536923,10062448,3.1411258358121215,3974
2025-05-22,0.9.25,2025-05-20T18:45:14.74+00:00,1477263,2.907407522201538,54,0.0026411365826536923,10062448,3.1411258358121215,3974
2025-05-22,0.9.25,2025-05-20T18:45:14.74+00:00,1477263,2.907407522201538,54,0.0026411365826536923,10062448,3.1411258358121215,3974
2025-05-23,0.9.25,2025-05-20T18:45:14.74+00:00,1478861,2.907407522201538,54,0.0026382029373345625,10075515,3.1411258358121215,3979
2025-05-23,0.9.25,2025-05-20T18:45:14.74+00:00,1478861,2.907407522201538,54,0.0026382029373345625,10075515,3.1411258358121215,3979
2025-05-23,0.9.25,2025-05-20T18:45:14.74+00:00,1478861,2.907407522201538,54,0.0026382029373345625,10075515,3.1411258358121215,3979
2025-05-24,0.9.26,2025-05-23T16:02:57.813+00:00,1480058,2.907407522201538,54,0.001419160559770988,10130039,3.1411258358121215,3987
2025-05-24,0.9.26,2025-05-23T16:02:57.813+00:00,1480058,2.907407522201538,54,0.001419160559770988,10130039,3.1411258358121215,3987
2025-05-24,0.9.26,2025-05-23T16:02:57.813+00:00,1480058,2.907407522201538,54,0.001419160559770988,10130039,3.1411258358121215,3987
2025-05-25,0.9.26,2025-05-23T16:02:57.813+00:00,1480902,2.907407522201538,54,0.0011482017809285035,10146182,3.1411258358121215,3992
2025-05-25,0.9.26,2025-05-23T16:02:57.813+00:00,1480902,2.907407522201538,54,0.0011482017809285035,10146182,3.1411258358121215,3992
2025-05-25,0.9.26,2025-05-23T16:02:57.813+00:00,1480902,2.907407522201538,54,0.0011482017809285035,10146182,3.1411258358121215,3992
2025-05-26,0.9.26,2025-05-23T16:02:57.813+00:00,1482016,2.9107143878936768,56,0.0028350487628387207,10173230,3.1697238485248564,3998
2025-05-26,0.9.26,2025-05-23T16:02:57.813+00:00,1482016,2.9107143878936768,56,0.0028350487628387207,10173230,3.1697238485248564,3998
2025-05-26,0.9.26,2025-05-23T16:02:57.813+00:00,1482016,2.9107143878936768,56,0.0028350487628387207,10173230,3.1697238485248564,3998
2025-05-27,0.9.26,2025-05-23T16:02:57.813+00:00,1483374,2.9107143878936768,56,0.0028999444964111503,10190682,3.136849288108161,4001
2025-05-27,0.9.26,2025-05-23T16:02:57.813+00:00,1483374,2.9107143878936768,56,0.0028999444964111503,10190682,3.136849288108161,4001
2025-05-27,0.9.26,2025-05-23T16:02:57.813+00:00,1483374,2.9107143878936768,56,0.0028999444964111503,10190682,3.136849288108161,4001
2025-05-28,0.9.26,2025-05-23T16:02:57.813+00:00,1484907,2.9107143878936768,56,0.0028968908950045475,10203777,3.136849288108161,4004
2025-05-28,0.9.26,2025-05-23T16:02:57.813+00:00,1484907,2.9107143878936768,56,0.0028968908950045475,10203777,3.136849288108161,4004
2025-05-28,0.9.26,2025-05-23T16:02:57.813+00:00,1484907,2.9107143878936768,56,0.0028968908950045475,10203777,3.136849288108161,4004
2025-05-29,0.9.26,2025-05-23T16:02:57.813+00:00,1486423,2.9107143878936768,56,0.0026919911245052624,10211328,3.136849288108161,4004
2025-05-29,0.9.26,2025-05-23T16:02:57.813+00:00,1486423,2.9107143878936768,56,0.0026919911245052624,10211328,3.136849288108161,4004
2025-05-29,0.9.26,2025-05-23T16:02:57.813+00:00,1486423,2.9107143878936768,56,0.0026919911245052624,10211328,3.136849288108161,4004
2025-05-31,0.9.26,2025-05-23T16:02:57.813+00:00,1488972,2.9107143878936768,56,0.0024854032936295757,10220295,3.136849288108161,4006
2025-05-31,0.9.26,2025-05-23T16:02:57.813+00:00,1488972,2.9107143878936768,56,0.0024854032936295757,10220295,3.136849288108161,4006
2025-05-31,0.9.26,2025-05-23T16:02:57.813+00:00,1488972,2.9107143878936768,56,0.0024854032936295757,10220295,3.136849288108161,4006
2025-06-01,0.9.26,2025-05-23T16:02:57.813+00:00,1489698,2.9107143878936768,56,0.0015442242321009306,10222583,3.136849288108161,4007
2025-06-01,0.9.26,2025-05-23T16:02:57.813+00:00,1489698,2.9107143878936768,56,0.0015442242321009306,10222583,3.136849288108161,4007
2025-06-01,0.9.26,2025-05-23T16:02:57.813+00:00,1489698,2.9107143878936768,56,0.0015442242321009306,10222583,3.136849288108161,4007
2025-06-02,0.9.26,2025-05-23T16:02:57.813+00:00,1490739,2.9107143878936768,56,0.0031539052056883026,10225924,3.136849288108161,4007
2025-06-02,0.9.26,2025-05-23T16:02:57.813+00:00,1490739,2.9107143878936768,56,0.0031539052056883026,10225924,3.136849288108161,4007
2025-06-02,0.9.26,2025-05-23T16:02:57.813+00:00,1490739,2.9107143878936768,56,0.0031539052056883026,10225924,3.136849288108161,4007
2025-06-03,0.9.26,2025-05-23T16:02:57.813+00:00,1492309,2.9107143878936768,56,0.0023462895441963855,10230209,3.136849288108161,4009
2025-06-03,0.9.26,2025-05-23T16:02:57.813+00:00,1492309,2.9107143878936768,56,0.0023462895441963855,10230209,3.136849288108161,4009
2025-06-03,0.9.26,2025-05-23T16:02:57.813+00:00,1492309,2.9107143878936768,56,0.0023462895441963855,10230209,3.136849288108161,4009
2025-06-04,0.9.27,2025-06-03T19:03:53.743+00:00,1494039,2.9107143878936768,56,0.0036160383353634486,10305804,3.136849288108161,4012
2025-06-04,0.9.27,2025-06-03T19:03:53.743+00:00,1494039,2.9107143878936768,56,0.0036160383353634486,10305804,3.136849288108161,4012
2025-06-04,0.9.27,2025-06-03T19:03:53.743+00:00,1494039,2.9107143878936768,56,0.0036160383353634486,10305804,3.136849288108161,4012
2025-06-05,0.9.27,2025-06-03T19:03:53.743+00:00,1495626,2.9107143878936768,56,0.003344418967403955,10336753,3.136849288108161,4017
2025-06-05,0.9.27,2025-06-03T19:03:53.743+00:00,1495626,2.9107143878936768,56,0.003344418967403955,10336753,3.136849288108161,4017
2025-06-05,0.9.27,2025-06-03T19:03:53.743+00:00,1495626,2.9107143878936768,56,0.003344418967403955,10336753,3.136849288108161,4017
2025-06-06,0.9.27,2025-06-03T19:03:53.743+00:00,1497147,2.9107143878936768,56,0.0030736499994654526,10348933,3.136849288108161,4020
2025-06-06,0.9.27,2025-06-03T19:03:53.743+00:00,1497147,2.9107143878936768,56,0.0030736499994654526,10348933,3.136849288108161,4020
2025-06-06,0.9.27,2025-06-03T19:03:53.743+00:00,1497147,2.9107143878936768,56,0.0030736499994654526,10348933,3.136849288108161,4020
2025-06-07,0.9.27,2025-06-03T19:03:53.743+00:00,1498261,2.9107143878936768,56,0.001935923599108941,10355779,3.136849288108161,4023
2025-06-07,0.9.27,2025-06-03T19:03:53.743+00:00,1498261,2.9107143878936768,56,0.001935923599108941,10355779,3.136849288108161,4023
2025-06-07,0.9.27,2025-06-03T19:03:53.743+00:00,1498261,2.9107143878936768,56,0.001935923599108941,10355779,3.136849288108161,4023
2025-06-08,0.9.27,2025-06-03T19:03:53.743+00:00,1499038,2.9107143878936768,56,0.0015346091050359868,10360164,3.136849288108161,4025
2025-06-08,0.9.27,2025-06-03T19:03:53.743+00:00,1499038,2.9107143878936768,56,0.0015346091050359868,10360164,3.136849288108161,4025
2025-06-08,0.9.27,2025-06-03T19:03:53.743+00:00,1499038,2.9107143878936768,56,0.0015346091050359868,10360164,3.136849288108161,4025
2025-06-09,0.9.27,2025-06-03T19:03:53.743+00:00,1500054,2.9107143878936768,56,0.0018005737828454666,10365280,3.136849288108161,4025
2025-06-09,0.9.27,2025-06-03T19:03:53.743+00:00,1500054,2.9107143878936768,56,0.0018005737828454666,10365280,3.136849288108161,4025
2025-06-09,0.9.27,2025-06-03T19:03:53.743+00:00,1500054,2.9107143878936768,56,0.0018005737828454666,10365280,3.136849288108161,4025
2025-06-10,0.9.27,2025-06-03T19:03:53.743+00:00,1501606,2.9107143878936768,56,0.003664150616576617,10371804,3.136849288108161,4029
2025-06-10,0.9.27,2025-06-03T19:03:53.743+00:00,1501606,2.9107143878936768,56,0.003664150616576617,10371804,3.136849288108161,4029
2025-06-10,0.9.27,2025-06-03T19:03:53.743+00:00,1501606,2.9107143878936768,56,0.003664150616576617,10371804,3.136849288108161,4029
2025-06-11,0.9.27,2025-06-03T19:03:53.743+00:00,1503126,2.9107143878936768,56,0.0022627265055782863,10377050,3.136849288108161,4029
2025-06-11,0.9.27,2025-06-03T19:03:53.743+00:00,1503126,2.9107143878936768,56,0.0022627265055782863,10377050,3.136849288108161,4029
2025-06-11,0.9.27,2025-06-03T19:03:53.743+00:00,1503126,2.9107143878936768,56,0.0022627265055782863,10377050,3.136849288108161,4029
2025-06-12,0.9.28,2025-06-11T21:59:13.78+00:00,1504678,2.9107143878936768,56,0.002592904085818477,10439436,3.136849288108161,4033
2025-06-12,0.9.28,2025-06-11T21:59:13.78+00:00,1504678,2.9107143878936768,56,0.002592904085818477,10439436,3.136849288108161,4033
2025-06-12,0.9.28,2025-06-11T21:59:13.78+00:00,1504678,2.9107143878936768,56,0.002592904085818477,10439436,3.136849288108161,4033
2025-06-13,0.9.28,2025-06-11T21:59:13.78+00:00,1505785,2.9107143878936768,56,0.0016606142811499687,10481325,3.136849288108161,4036
2025-06-13,0.9.28,2025-06-11T21:59:13.78+00:00,1505785,2.9107143878936768,56,0.0016606142811499687,10481325,3.136849288108161,4036
2025-06-13,0.9.28,2025-06-11T21:59:13.78+00:00,1505785,2.9107143878936768,56,0.0016606142811499687,10481325,3.136849288108161,4036
2025-06-14,0.9.28,2025-06-11T21:59:13.78+00:00,1506337,2.9107143878936768,56,0.0008630986169840545,10492716,3.136849288108161,4039
2025-06-14,0.9.28,2025-06-11T21:59:13.78+00:00,1506337,2.9107143878936768,56,0.0008630986169840545,10492716,3.136849288108161,4039
2025-06-14,0.9.28,2025-06-11T21:59:13.78+00:00,1506337,2.9107143878936768,56,0.0008630986169840545,10492716,3.136849288108161,4039
2025-06-15,0.9.28,2025-06-11T21:59:13.78+00:00,1506618,2.9107143878936768,56,0.0007965419458988712,10498649,3.136849288108161,4040
2025-06-15,0.9.28,2025-06-11T21:59:13.78+00:00,1506618,2.9107143878936768,56,0.0007965419458988712,10498649,3.136849288108161,4040
2025-06-15,0.9.28,2025-06-11T21:59:13.78+00:00,1506618,2.9107143878936768,56,0.0007965419458988712,10498649,3.136849288108161,4040
2025-06-16,0.9.28,2025-06-11T21:59:13.78+00:00,1507045,2.9107143878936768,56,0.0006636717373399638,10506810,3.136849288108161,4041
2025-06-16,0.9.28,2025-06-11T21:59:13.78+00:00,1507045,2.9107143878936768,56,0.0006636717373399638,10506810,3.136849288108161,4041
2025-06-16,0.9.28,2025-06-11T21:59:13.78+00:00,1507045,2.9107143878936768,56,0.0006636717373399638,10506810,3.136849288108161,4041
2025-06-17,0.9.28,2025-06-11T21:59:13.78+00:00,1507798,2.9107143878936768,56,0.0011276896226684189,10515584,3.136849288108161,4043
2025-06-17,0.9.28,2025-06-11T21:59:13.78+00:00,1507798,2.9107143878936768,56,0.0011276896226684189,10515584,3.136849288108161,4043
2025-06-17,0.9.28,2025-06-11T21:59:13.78+00:00,1507798,2.9107143878936768,56,0.0011276896226684189,10515584,3.136849288108161,4043
2025-06-18,0.9.28,2025-06-11T21:59:13.78+00:00,1508501,2.9107143878936768,56,0.0010608194299686793,10521937,3.136849288108161,4046
2025-06-18,0.9.28,2025-06-11T21:59:13.78+00:00,1508501,2.9107143878936768,56,0.0010608194299686793,10521937,3.136849288108161,4046
2025-06-18,0.9.28,2025-06-11T21:59:13.78+00:00,1508501,2.9107143878936768,56,0.0010608194299686793,10521937,3.136849288108161,4046
2025-06-19,0.9.28,2025-06-11T21:59:13.78+00:00,1509168,2.9107143878936768,56,0.000795262884087121,10526925,3.136849288108161,4047
2025-06-19,0.9.28,2025-06-11T21:59:13.78+00:00,1509168,2.9107143878936768,56,0.000795262884087121,10526925,3.136849288108161,4047
2025-06-19,0.9.28,2025-06-11T21:59:13.78+00:00,1509168,2.9107143878936768,56,0.000795262884087121,10526925,3.136849288108161,4047
2025-06-20,0.9.28,2025-06-11T21:59:13.78+00:00,1509788,2.9107143878936768,56,0.0011261425378483257,10530726,3.136849288108161,4048
2025-06-20,0.9.28,2025-06-11T21:59:13.78+00:00,1509788,2.9107143878936768,56,0.0011261425378483257,10530726,3.136849288108161,4048
2025-06-20,0.9.28,2025-06-11T21:59:13.78+00:00,1509788,2.9107143878936768,56,0.0011261425378483257,10530726,3.136849288108161,4048
2025-06-21,0.9.28,2025-06-11T21:59:13.78+00:00,1510203,2.9107143878936768,56,0.0009270890793541898,10533757,3.136849288108161,4049
2025-06-21,0.9.28,2025-06-11T21:59:13.78+00:00,1510203,2.9107143878936768,56,0.0009270890793541898,10533757,3.136849288108161,4049
2025-06-21,0.9.28,2025-06-11T21:59:13.78+00:00,1510203,2.9107143878936768,56,0.0009270890793541898,10533757,3.136849288108161,4049
2025-06-22,0.9.28,2025-06-11T21:59:13.78+00:00,1510458,2.9107143878936768,56,0.0007283123480061787,10535875,3.136849288108161,4052
2025-06-22,0.9.28,2025-06-11T21:59:13.78+00:00,1510458,2.9107143878936768,56,0.0007283123480061787,10535875,3.136849288108161,4052
2025-06-22,0.9.28,2025-06-11T21:59:13.78+00:00,1510458,2.9107143878936768,56,0.0007283123480061787,10535875,3.136849288108161,4052
2025-06-23,0.9.28,2025-06-11T21:59:13.78+00:00,1510894,2.9107143878936768,56,0.0005957656946197723,10538722,3.136849288108161,4053
2025-06-23,0.9.28,2025-06-11T21:59:13.78+00:00,1510894,2.9107143878936768,56,0.0005957656946197723,10538722,3.136849288108161,4053
2025-06-23,0.9.28,2025-06-11T21:59:13.78+00:00,1510894,2.9107143878936768,56,0.0005957656946197723,10538722,3.136849288108161,4053
2025-06-24,0.9.28,2025-06-11T21:59:13.78+00:00,1511642,2.9107143878936768,56,0.0012571292461194406,10542304,3.136849288108161,4054
2025-06-24,0.9.28,2025-06-11T21:59:13.78+00:00,1511642,2.9107143878936768,56,0.0012571292461194406,10542304,3.136849288108161,4054
2025-06-24,0.9.28,2025-06-11T21:59:13.78+00:00,1511642,2.9107143878936768,56,0.0012571292461194406,10542304,3.136849288108161,4054
2025-06-25,0.9.28,2025-06-11T21:59:13.78+00:00,1512378,2.9107143878936768,56,0.0011242419633232593,10545335,3.136849288108161,4055
2025-06-25,0.9.28,2025-06-11T21:59:13.78+00:00,1512378,2.9107143878936768,56,0.0011242419633232593,10545335,3.136849288108161,4055
2025-06-25,0.9.28,2025-06-11T21:59:13.78+00:00,1512378,2.9107143878936768,56,0.0011242419633232593,10545335,3.136849288108161,4055
2025-06-26,0.9.28,2025-06-11T21:59:13.78+00:00,1513115,2.9107143878936768,56,0.0013881278055880737,10548150,3.136849288108161,4056
2025-06-26,0.9.28,2025-06-11T21:59:13.78+00:00,1513115,2.9107143878936768,56,0.0013881278055880737,10548150,3.136849288108161,4056
2025-06-26,0.9.28,2025-06-11T21:59:13.78+00:00,1513115,2.9107143878936768,56,0.0013881278055880737,10548150,3.136849288108161,4056
2025-06-27,0.9.28,2025-06-11T21:59:13.78+00:00,1513956,2.9107143878936768,56,0.0018498246300185576,10550625,3.136849288108161,4057
2025-06-27,0.9.28,2025-06-11T21:59:13.78+00:00,1513956,2.9107143878936768,56,0.0018498246300185576,10550625,3.136849288108161,4057
2025-06-27,0.9.28,2025-06-11T21:59:13.78+00:00,1513956,2.9107143878936768,56,0.0018498246300185576,10550625,3.136849288108161,4057
2025-06-28,0.9.28,2025-06-11T21:59:13.78+00:00,1514584,2.9107143878936768,56,0.0006603183658969335,10552467,3.136849288108161,4059
2025-06-28,0.9.28,2025-06-11T21:59:13.78+00:00,1514584,2.9107143878936768,56,0.0006603183658969335,10552467,3.136849288108161,4059
2025-06-28,0.9.28,2025-06-11T21:59:13.78+00:00,1514584,2.9107143878936768,56,0.0006603183658969335,10552467,3.136849288108161,4059
2025-06-29,0.9.28,2025-06-11T21:59:13.78+00:00,1515037,2.9107143878936768,56,0.001122209247136221,10553784,3.136849288108161,4061
2025-06-29,0.9.28,2025-06-11T21:59:13.78+00:00,1515037,2.9107143878936768,56,0.001122209247136221,10553784,3.136849288108161,4061
2025-06-29,0.9.28,2025-06-11T21:59:13.78+00:00,1515037,2.9107143878936768,56,0.001122209247136221,10553784,3.136849288108161,4061
2025-06-30,0.9.28,2025-06-11T21:59:13.78+00:00,1515597,2.9107143878936768,56,0.0009239057985647784,10555500,3.136849288108161,4063
2025-06-30,0.9.28,2025-06-11T21:59:13.78+00:00,1515597,2.9107143878936768,56,0.0009239057985647784,10555500,3.136849288108161,4063
2025-06-30,0.9.28,2025-06-11T21:59:13.78+00:00,1515597,2.9107143878936768,56,0.0009239057985647784,10555500,3.136849288108161,4063
2025-07-01,0.9.28,2025-06-11T21:59:13.78+00:00,1516489,2.9107143878936768,56,0.002110604932351814,10557786,3.136849288108161,4063
2025-07-01,0.9.28,2025-06-11T21:59:13.78+00:00,1516489,2.9107143878936768,56,0.002110604932351814,10557786,3.136849288108161,4063
2025-07-01,0.9.28,2025-06-11T21:59:13.78+00:00,1516489,2.9107143878936768,56,0.002110604932351814,10557786,3.136849288108161,4063
2025-07-02,0.9.28,2025-06-11T21:59:13.78+00:00,1517328,2.9107143878936768,56,0.0015161323069337344,10559779,3.136849288108161,4065
2025-07-02,0.9.28,2025-06-11T21:59:13.78+00:00,1517328,2.9107143878936768,56,0.0015161323069337344,10559779,3.136849288108161,4065
2025-07-02,0.9.28,2025-06-11T21:59:13.78+00:00,1517328,2.9107143878936768,56,0.0015161323069337344,10559779,3.136849288108161,4065
2025-07-03,0.9.28,2025-06-11T21:59:13.78+00:00,1518216,2.9107143878936768,56,0.001647015574838082,10561672,3.136849288108161,4067
2025-07-03,0.9.28,2025-06-11T21:59:13.78+00:00,1518216,2.9107143878936768,56,0.001647015574838082,10561672,3.136849288108161,4067
2025-07-03,0.9.28,2025-06-11T21:59:13.78+00:00,1518216,2.9107143878936768,56,0.001647015574838082,10561672,3.136849288108161,4067
2025-07-04,0.9.28,2025-06-11T21:59:13.78+00:00,1519035,2.9107143878936768,56,0.0013827679458587087,10563329,3.136849288108161,4070
2025-07-04,0.9.28,2025-06-11T21:59:13.78+00:00,1519035,2.9107143878936768,56,0.0013827679458587087,10563329,3.136849288108161,4070
2025-07-04,0.9.28,2025-06-11T21:59:13.78+00:00,1519035,2.9107143878936768,56,0.0013827679458587087,10563329,3.136849288108161,4070
2025-07-05,0.9.28,2025-06-11T21:59:13.78+00:00,1519636,2.9107143878936768,56,0.00046068816281509426,10564560,3.136849288108161,4072
2025-07-05,0.9.28,2025-06-11T21:59:13.78+00:00,1519636,2.9107143878936768,56,0.00046068816281509426,10564560,3.136849288108161,4072
2025-07-05,0.9.28,2025-06-11T21:59:13.78+00:00,1519636,2.9107143878936768,56,0.00046068816281509426,10564560,3.136849288108161,4072
2025-07-06,0.9.28,2025-06-11T21:59:13.78+00:00,1520078,2.9107143878936768,56,0.0007237213488586914,10565545,3.136849288108161,4075
2025-07-06,0.9.28,2025-06-11T21:59:13.78+00:00,1520078,2.9107143878936768,56,0.0007237213488586914,10565545,3.136849288108161,4075
2025-07-06,0.9.28,2025-06-11T21:59:13.78+00:00,1520078,2.9107143878936768,56,0.0007237213488586914,10565545,3.136849288108161,4075
2025-07-07,0.9.28,2025-06-11T21:59:13.78+00:00,1520709,2.9107143878936768,56,0.0011839106542092955,10566851,3.136849288108161,4077
2025-07-07,0.9.28,2025-06-11T21:59:13.78+00:00,1520709,2.9107143878936768,56,0.0011839106542092955,10566851,3.136849288108161,4077
2025-07-07,0.9.28,2025-06-11T21:59:13.78+00:00,1520709,2.9107143878936768,56,0.0011839106542092955,10566851,3.136849288108161,4077
2025-07-08,0.9.28,2025-06-11T21:59:13.78+00:00,1521596,2.9107143878936768,56,0.002037763035767343,10568498,3.136849288108161,4079
2025-07-08,0.9.28,2025-06-11T21:59:13.78+00:00,1521596,2.9107143878936768,56,0.002037763035767343,10568498,3.136849288108161,4079
2025-07-08,0.9.28,2025-06-11T21:59:13.78+00:00,1521596,2.9107143878936768,56,0.002037763035767343,10568498,3.136849288108161,4079
2025-07-09,0.9.28,2025-06-11T21:59:13.78+00:00,1522496,2.9107143878936768,56,0.0015766984984574635,10569967,3.136849288108161,4081
2025-07-09,0.9.28,2025-06-11T21:59:13.78+00:00,1522496,2.9107143878936768,56,0.0015766984984574635,10569967,3.136849288108161,4081
2025-07-09,0.9.28,2025-06-11T21:59:13.78+00:00,1522496,2.9107143878936768,56,0.0015766984984574635,10569967,3.136849288108161,4081
2025-07-10,0.9.29,2025-07-09T18:44:32.003+00:00,1523394,2.9107143878936768,56,0.0017071188167828164,10644795,3.136849288108161,4088
2025-07-10,0.9.29,2025-07-09T18:44:32.003+00:00,1523394,2.9107143878936768,56,0.0017071188167828164,10644795,3.136849288108161,4088
2025-07-10,0.9.29,2025-07-09T18:44:32.003+00:00,1523394,2.9107143878936768,56,0.0017071188167828164,10644795,3.136849288108161,4088
2025-07-11,0.9.29,2025-07-09T18:44:32.003+00:00,1524252,2.9107143878936768,56,0.001181150414255698,10682596,3.136849288108161,4094
2025-07-11,0.9.29,2025-07-09T18:44:32.003+00:00,1524252,2.9107143878936768,56,0.001181150414255698,10682596,3.136849288108161,4094
2025-07-11,0.9.29,2025-07-09T18:44:32.003+00:00,1524252,2.9107143878936768,56,0.001181150414255698,10682596,3.136849288108161,4094
2025-07-12,0.9.29,2025-07-09T18:44:32.003+00:00,1524847,2.9107143878936768,56,0.0005246920057925998,10693497,3.136849288108161,4094
2025-07-12,0.9.29,2025-07-09T18:44:32.003+00:00,1524847,2.9107143878936768,56,0.0005246920057925998,10693497,3.136849288108161,4094
2025-07-12,0.9.29,2025-07-09T18:44:32.003+00:00,1524847,2.9107143878936768,56,0.0005246920057925998,10693497,3.136849288108161,4094
2025-07-13,0.9.29,2025-07-09T18:44:32.003+00:00,1525264,2.9107143878936768,56,0.0005901279462957341,10699371,3.136849288108161,4095
2025-07-13,0.9.29,2025-07-09T18:44:32.003+00:00,1525264,2.9107143878936768,56,0.0005901279462957341,10699371,3.136849288108161,4095
2025-07-13,0.9.29,2025-07-09T18:44:32.003+00:00,1525264,2.9107143878936768,56,0.0005901279462957341,10699371,3.136849288108161,4095
2025-07-14,0.9.29,2025-07-09T18:44:32.003+00:00,1525832,2.9107143878936768,56,0.0009177114374376447,10707375,3.136849288108161,4096
2025-07-14,0.9.29,2025-07-09T18:44:32.003+00:00,1525832,2.9107143878936768,56,0.0009177114374376447,10707375,3.136849288108161,4096
2025-07-14,0.9.29,2025-07-09T18:44:32.003+00:00,1525832,2.9107143878936768,56,0.0009177114374376447,10707375,3.136849288108161,4096
2025-07-15,0.9.29,2025-07-09T18:44:32.003+00:00,1526682,2.9107143878936768,56,0.001375816809336686,10716257,3.136849288108161,4098
2025-07-15,0.9.29,2025-07-09T18:44:32.003+00:00,1526682,2.9107143878936768,56,0.001375816809336686,10716257,3.136849288108161,4098
2025-07-15,0.9.29,2025-07-09T18:44:32.003+00:00,1526682,2.9107143878936768,56,0.001375816809336686,10716257,3.136849288108161,4098
2025-07-16,0.9.30,2025-07-15T20:35:22.437+00:00,1527565,2.9107143878936768,56,0.0013750528740569428,10790201,3.1450878154552897,4102
2025-07-16,0.9.30,2025-07-15T20:35:22.437+00:00,1527565,2.9107143878936768,56,0.0013750528740569428,10790201,3.1450878154552897,4102
2025-07-16,0.9.30,2025-07-15T20:35:22.437+00:00,1527565,2.9107143878936768,56,0.0013750528740569428,10790201,3.1450878154552897,4102
2025-07-17,0.9.30,2025-07-15T20:35:22.437+00:00,1528492,2.9107143878936768,56,0.0012433301879260859,10831032,3.1450751894166307,4107
2025-07-17,0.9.30,2025-07-15T20:35:22.437+00:00,1528492,2.9107143878936768,56,0.0012433301879260859,10831032,3.1450751894166307,4107
2025-07-17,0.9.30,2025-07-15T20:35:22.437+00:00,1528492,2.9107143878936768,56,0.0012433301879260859,10831032,3.1450751894166307,4107
2025-07-18,0.9.30,2025-07-15T20:35:22.437+00:00,1529389,2.9107143878936768,56,0.001634952939514589,10845376,3.1450951227843023,4109
2025-07-18,0.9.30,2025-07-15T20:35:22.437+00:00,1529389,2.9107143878936768,56,0.001634952939514589,10845376,3.1450951227843023,4109
2025-07-18,0.9.30,2025-07-15T20:35:22.437+00:00,1529389,2.9107143878936768,56,0.001634952939514589,10845376,3.1450951227843023,4109
2025-07-19,0.9.30,2025-07-15T20:35:22.437+00:00,1530069,2.9107143878936768,56,0.0007190064115762647,10853118,3.145110165933867,4111
2025-07-19,0.9.30,2025-07-15T20:35:22.437+00:00,1530069,2.9107143878936768,56,0.0007190064115762647,10853118,3.145110165933867,4111
2025-07-19,0.9.30,2025-07-15T20:35:22.437+00:00,1530069,2.9107143878936768,56,0.0007190064115762647,10853118,3.145110165933867,4111
2025-07-20,0.9.30,2025-07-15T20:35:22.437+00:00,1530508,2.9107143878936768,56,0.0009148234064102984,10857970,3.1451199344446965,4113
2025-07-20,0.9.30,2025-07-15T20:35:22.437+00:00,1530508,2.9107143878936768,56,0.0009148234064102984,10857970,3.1451199344446965,4113
2025-07-20,0.9.30,2025-07-15T20:35:22.437+00:00,1530508,2.9107143878936768,56,0.0009148234064102984,10857970,3.1451199344446965,4113
2025-07-21,0.9.30,2025-07-15T20:35:22.437+00:00,1531059,2.9107143878936768,56,0.0009145676250899869,10863880,3.1451258264358035,4114
2025-07-21,0.9.30,2025-07-15T20:35:22.437+00:00,1531059,2.9107143878936768,56,0.0009145676250899869,10863880,3.1451258264358035,4114
2025-07-21,0.9.30,2025-07-15T20:35:22.437+00:00,1531059,2.9107143878936768,56,0.0009145676250899869,10863880,3.1451258264358035,4114
2025-07-22,0.9.30,2025-07-15T20:35:22.437+00:00,1531987,2.9107143878936768,56,0.0015669427315076272,10871458,3.1451023556909354,4120
2025-07-22,0.9.30,2025-07-15T20:35:22.437+00:00,1531987,2.9107143878936768,56,0.0015669427315076272,10871458,3.1451023556909354,4120
2025-07-22,0.9.30,2025-07-15T20:35:22.437+00:00,1531987,2.9107143878936768,56,0.0015669427315076272,10871458,3.1451023556909354,4120
2025-07-23,0.9.30,2025-07-15T20:35:22.437+00:00,1532865,2.9107143878936768,56,0.001109271750045839,10877250,3.145107467246961,4120
2025-07-23,0.9.30,2025-07-15T20:35:22.437+00:00,1532865,2.9107143878936768,56,0.001109271750045839,10877250,3.145107467246961,4120
2025-07-23,0.9.30,2025-07-15T20:35:22.437+00:00,1532865,2.9107143878936768,56,0.001109271750045839,10877250,3.145107467246961,4120
2025-07-24,0.9.31,2025-07-23T15:17:25.47+00:00,1533753,2.9107143878936768,56,0.001630303295103808,10970886,3.145082151586837,4128
2025-07-24,0.9.31,2025-07-23T15:17:25.47+00:00,1533753,2.9107143878936768,56,0.001630303295103808,10970886,3.145082151586837,4128
2025-07-24,0.9.31,2025-07-23T15:17:25.47+00:00,1533753,2.9107143878936768,56,0.001630303295103808,10970886,3.145082151586837,4128
2025-07-25,0.9.31,2025-07-23T15:17:25.47+00:00,1534483,2.9107143878936768,56,0.0011732323136858201,10994076,3.145103415643457,4130
2025-07-25,0.9.31,2025-07-23T15:17:25.47+00:00,1534483,2.9107143878936768,56,0.0011732323136858201,10994076,3.145103415643457,4130
2025-07-25,0.9.31,2025-07-23T15:17:25.47+00:00,1534483,2.9107143878936768,56,0.0011732323136858201,10994076,3.145103415643457,4130
2025-07-26,0.9.31,2025-07-23T15:17:25.47+00:00,1535088,2.9107143878936768,56,0.0009120812325605183,11003772,3.145058871625336,4131
2025-07-26,0.9.31,2025-07-23T15:17:25.47+00:00,1535088,2.9107143878936768,56,0.0009120812325605183,11003772,3.145058871625336,4131
2025-07-26,0.9.31,2025-07-23T15:17:25.47+00:00,1535088,2.9107143878936768,56,0.0009120812325605183,11003772,3.145058871625336,4131
2025-07-27,0.9.31,2025-07-23T15:17:25.47+00:00,1535508,2.9107143878936768,56,0.0005210504376823676,11009463,3.1450524108040434,4131
2025-07-27,0.9.31,2025-07-23T15:17:25.47+00:00,1535508,2.9107143878936768,56,0.0005210504376823676,11009463,3.1450524108040434,4131
2025-07-27,0.9.31,2025-07-23T15:17:25.47+00:00,1535508,2.9107143878936768,56,0.0005210504376823676,11009463,3.1450524108040434,4131
2025-07-28,0.9.31,2025-07-23T15:17:25.47+00:00,1536007,2.9107143878936768,56,0.0010418430203029158,11017136,3.1450143757221496,4133
2025-07-28,0.9.31,2025-07-23T15:17:25.47+00:00,1536007,2.9107143878936768,56,0.0010418430203029158,11017136,3.1450143757221496,4133
2025-07-28,0.9.31,2025-07-23T15:17:25.47+00:00,1536007,2.9107143878936768,56,0.0010418430203029158,11017136,3.1450143757221496,4133
2025-07-30,0.9.31,2025-07-23T15:17:25.47+00:00,1537681,2.8947367668151855,57,0.0014309985507887403,11032255,3.1279322740323483,4138
2025-07-30,0.9.31,2025-07-23T15:17:25.47+00:00,1537681,2.8947367668151855,57,0.0014309985507887403,11032255,3.1279322740323483,4138
2025-07-30,0.9.31,2025-07-23T15:17:25.47+00:00,1537681,2.8947367668151855,57,0.0014309985507887403,11032255,3.1279322740323483,4138
2025-07-31,0.9.31,2025-07-23T15:17:25.47+00:00,1538459,2.8947367668151855,57,0.0008451502677176002,11037565,3.1279487488871753,4140
2025-07-31,0.9.31,2025-07-23T15:17:25.47+00:00,1538459,2.8947367668151855,57,0.0008451502677176002,11037565,3.1279487488871753,4140
2025-07-31,0.9.31,2025-07-23T15:17:25.47+00:00,1538459,2.8947367668151855,57,0.0008451502677176002,11037565,3.1279487488871753,4140
2025-08-01,0.9.31,2025-07-23T15:17:25.47+00:00,1539251,2.8947367668151855,57,0.0011046428137461751,11042006,3.1279537602439857,4141
2025-08-01,0.9.31,2025-07-23T15:17:25.47+00:00,1539251,2.8947367668151855,57,0.0011046428137461751,11042006,3.1279537602439857,4141
2025-08-01,0.9.31,2025-07-23T15:17:25.47+00:00,1539251,2.8947367668151855,57,0.0011046428137461751,11042006,3.1279537602439857,4141
2025-08-02,0.9.31,2025-07-23T15:17:25.47+00:00,1539849,2.8947367668151855,57,0.0011690627039770863,11045328,3.1279515692283253,4142
2025-08-02,0.9.31,2025-07-23T15:17:25.47+00:00,1539849,2.8947367668151855,57,0.0011690627039770863,11045328,3.1279515692283253,4142
2025-08-02,0.9.31,2025-07-23T15:17:25.47+00:00,1539849,2.8947367668151855,57,0.0011690627039770863,11045328,3.1279515692283253,4142
2025-08-03,0.9.31,2025-07-23T15:17:25.47+00:00,1540257,2.8947367668151855,57,0.00045451033329242744,11047642,3.1279529982163132,4144
2025-08-03,0.9.31,2025-07-23T15:17:25.47+00:00,1540257,2.8947367668151855,57,0.00045451033329242744,11047642,3.1279529982163132,4144
2025-08-03,0.9.31,2025-07-23T15:17:25.47+00:00,1540257,2.8947367668151855,57,0.00045451033329242744,11047642,3.1279529982163132,4144
2025-08-04,0.9.31,2025-07-23T15:17:25.47+00:00,1540839,2.8947367668151855,57,0.0007789481473692,11050983,3.1279423645608935,4146
2025-08-04,0.9.31,2025-07-23T15:17:25.47+00:00,1540839,2.8947367668151855,57,0.0007789481473692,11050983,3.1279423645608935,4146
2025-08-04,0.9.31,2025-07-23T15:17:25.47+00:00,1540839,2.8947367668151855,57,0.0007789481473692,11050983,3.1279423645608935,4146
2025-08-05,0.9.31,2025-07-23T15:17:25.47+00:00,1541642,2.8947367668151855,57,0.00116782032176045,11054970,3.127911979692244,4146
2025-08-05,0.9.31,2025-07-23T15:17:25.47+00:00,1541642,2.8947367668151855,57,0.00116782032176045,11054970,3.127911979692244,4146
2025-08-05,0.9.31,2025-07-23T15:17:25.47+00:00,1541642,2.8947367668151855,57,0.00116782032176045,11054970,3.127911979692244,4146
2025-08-06,0.9.31,2025-07-23T15:17:25.47+00:00,1542468,2.8947367668151855,57,0.001167169846556071,11058588,3.1278839443328375,4147
2025-08-06,0.9.31,2025-07-23T15:17:25.47+00:00,1542468,2.8947367668151855,57,0.001167169846556071,11058588,3.1278839443328375,4147
2025-08-06,0.9.31,2025-07-23T15:17:25.47+00:00,1542468,2.8947367668151855,57,0.001167169846556071,11058588,3.1278839443328375,4147
2025-08-07,0.9.31,2025-07-23T15:17:25.47+00:00,1543274,2.8947367668151855,57,0.0011017605485471344,11061877,3.1278775901513187,4147
2025-08-07,0.9.31,2025-07-23T15:17:25.47+00:00,1543274,2.8947367668151855,57,0.0011017605485471344,11061877,3.1278775901513187,4147
2025-08-07,0.9.31,2025-07-23T15:17:25.47+00:00,1543274,2.8947367668151855,57,0.0011017605485471344,11061877,3.1278775901513187,4147
2025-08-08,0.9.31,2025-07-23T15:17:25.47+00:00,1544234,2.8947367668151855,57,0.002461380614295828,11064833,3.1278434682316676,4148
2025-08-08,0.9.31,2025-07-23T15:17:25.47+00:00,1544234,2.8947367668151855,57,0.002461380614295828,11064833,3.1278434682316676,4148
2025-08-08,0.9.31,2025-07-23T15:17:25.47+00:00,1544234,2.8947367668151855,57,0.002461380614295828,11064833,3.1278434682316676,4148
2025-08-09,0.9.31,2025-07-23T15:17:25.47+00:00,1545107,2.8947367668151855,57,0.0014888119022096558,11067058,3.1278265591265346,4148
2025-08-09,0.9.31,2025-07-23T15:17:25.47+00:00,1545107,2.8947367668151855,57,0.0014888119022096558,11067058,3.1278265591265346,4148
2025-08-09,0.9.31,2025-07-23T15:17:25.47+00:00,1545107,2.8947367668151855,57,0.0014888119022096558,11067058,3.1278265591265346,4148
2025-08-10,0.9.31,2025-07-23T15:17:25.47+00:00,1545709,2.8947367668151855,57,0.0016823132583754937,11068678,3.1278158683309973,4148
2025-08-10,0.9.31,2025-07-23T15:17:25.47+00:00,1545709,2.8947367668151855,57,0.0016823132583754937,11068678,3.1278158683309973,4148
2025-08-10,0.9.31,2025-07-23T15:17:25.47+00:00,1545709,2.8947367668151855,57,0.0016823132583754937,11068678,3.1278158683309973,4148
2025-08-11,0.9.31,2025-07-23T15:17:25.47+00:00,1546480,2.8947367668151855,57,0.0015523029060403985,11070780,3.1278193861107044,4149
2025-08-11,0.9.31,2025-07-23T15:17:25.47+00:00,1546480,2.8947367668151855,57,0.0015523029060403985,11070780,3.1278193861107044,4149
2025-08-11,0.9.31,2025-07-23T15:17:25.47+00:00,1546480,2.8947367668151855,57,0.0015523029060403985,11070780,3.1278193861107044,4149
2025-08-12,0.9.31,2025-07-23T15:17:25.47+00:00,1547727,2.8947367668151855,57,0.002391279198650026,11073362,3.1278156596869895,4152
2025-08-12,0.9.31,2025-07-23T15:17:25.47+00:00,1547727,2.8947367668151855,57,0.002391279198650026,11073362,3.1278156596869895,4152
2025-08-12,0.9.31,2025-07-23T15:17:25.47+00:00,1547727,2.8947367668151855,57,0.002391279198650026,11073362,3.1278156596869895,4152
2025-08-13,0.9.32,2025-08-12T21:07:49.523+00:00,1549139,2.8947367668151855,57,0.0020018003288118477,11141618,3.1278070958378703,4156
2025-08-13,0.9.32,2025-08-12T21:07:49.523+00:00,1549139,2.8947367668151855,57,0.0020018003288118477,11141618,3.1278070958378703,4156
2025-08-13,0.9.32,2025-08-12T21:07:49.523+00:00,1549139,2.8947367668151855,57,0.0020018003288118477,11141618,3.1278070958378703,4156
2025-08-14,0.9.32,2025-08-12T21:07:49.523+00:00,1550480,2.8620688915252686,58,0.0016774301769688837,11183615,3.127800985622099,4161
2025-08-14,0.9.32,2025-08-12T21:07:49.523+00:00,1550480,2.8620688915252686,58,0.0016774301769688837,11183615,3.127800985622099,4161
2025-08-14,0.9.32,2025-08-12T21:07:49.523+00:00,1550480,2.8620688915252686,58,0.0016774301769688837,11183615,3.127800985622099,4161
2025-08-15,0.9.32,2025-08-12T21:07:49.523+00:00,1551643,2.8620688915252686,58,0.0019338868547264193,11197174,3.0964824661177928,4162
2025-08-15,0.9.32,2025-08-12T21:07:49.523+00:00,1551643,2.8620688915252686,58,0.0019338868547264193,11197174,3.0964824661177928,4162
2025-08-15,0.9.32,2025-08-12T21:07:49.523+00:00,1551643,2.8620688915252686,58,0.0019338868547264193,11197174,3.0964824661177928,4162
2025-08-16,0.9.32,2025-08-12T21:07:49.523+00:00,1552503,2.8620688915252686,58,0.0016105601205987417,11204996,3.0964781033647033,4164
2025-08-16,0.9.32,2025-08-12T21:07:49.523+00:00,1552503,2.8620688915252686,58,0.0016105601205987417,11204996,3.0964781033647033,4164
2025-08-16,0.9.32,2025-08-12T21:07:49.523+00:00,1552503,2.8620688915252686,58,0.0016105601205987417,11204996,3.0964781033647033,4164
2025-08-17,0.9.32,2025-08-12T21:07:49.523+00:00,1553101,2.8620688915252686,58,0.0009659427891404847,11210057,3.0964665937273734,4166
2025-08-17,0.9.32,2025-08-12T21:07:49.523+00:00,1553101,2.8620688915252686,58,0.0009659427891404847,11210057,3.0964665937273734,4166
2025-08-17,0.9.32,2025-08-12T21:07:49.523+00:00,1553101,2.8620688915252686,58,0.0009659427891404847,11210057,3.0964665937273734,4166
2025-08-18,0.9.32,2025-08-12T21:07:49.523+00:00,1553978,2.8620688915252686,58,0.00205984758415282,11218965,3.0964616237593177,4166
2025-08-18,0.9.32,2025-08-12T21:07:49.523+00:00,1553978,2.8620688915252686,58,0.00205984758415282,11218965,3.0964616237593177,4166
2025-08-18,0.9.32,2025-08-12T21:07:49.523+00:00,1553978,2.8620688915252686,58,0.00205984758415282,11218965,3.0964616237593177,4166
2025-08-19,0.9.32,2025-08-12T21:07:49.523+00:00,1555376,2.8620688915252686,58,0.002379676788439659,11227601,3.0964693220219623,4174
2025-08-19,0.9.32,2025-08-12T21:07:49.523+00:00,1555376,2.8620688915252686,58,0.002379676788439659,11227601,3.0964693220219623,4174
2025-08-19,0.9.32,2025-08-12T21:07:49.523+00:00,1555376,2.8620688915252686,58,0.002379676788439659,11227601,3.0964693220219623,4174
2025-08-20,0.9.32,2025-08-12T21:07:49.523+00:00,1556632,2.8620688915252686,58,0.001927811182461545,11233910,3.0964443068007075,4175
2025-08-20,0.9.32,2025-08-12T21:07:49.523+00:00,1556632,2.8620688915252686,58,0.001927811182461545,11233910,3.0964443068007075,4175
2025-08-20,0.9.32,2025-08-12T21:07:49.523+00:00,1556632,2.8620688915252686,58,0.001927811182461545,11233910,3.0964443068007075,4175
2025-08-21,0.9.32,2025-08-12T21:07:49.523+00:00,1557884,2.8620688915252686,58,0.002183061242572776,11239364,3.096433249141175,4175
2025-08-21,0.9.32,2025-08-12T21:07:49.523+00:00,1557884,2.8620688915252686,58,0.002183061242572776,11239364,3.096433249141175,4175
2025-08-21,0.9.32,2025-08-12T21:07:49.523+00:00,1557884,2.8620688915252686,58,0.002183061242572776,11239364,3.096433249141175,4175
2025-08-22,0.9.32,2025-08-12T21:07:49.523+00:00,1559116,2.8620688915252686,58,0.0020530574195249613,11243951,3.096404382417906,4179
2025-08-22,0.9.32,2025-08-12T21:07:49.523+00:00,1559116,2.8620688915252686,58,0.0020530574195249613,11243951,3.096404382417906,4179
2025-08-22,0.9.32,2025-08-12T21:07:49.523+00:00,1559116,2.8620688915252686,58,0.0020530574195249613,11243951,3.096404382417906,4179
2025-08-23,0.9.32,2025-08-12T21:07:49.523+00:00,1560109,2.8620688915252686,58,0.0013463005583941841,11247241,3.0964031231637095,4182
2025-08-23,0.9.32,2025-08-12T21:07:49.523+00:00,1560109,2.8620688915252686,58,0.0013463005583941841,11247241,3.0964031231637095,4182
2025-08-23,0.9.32,2025-08-12T21:07:49.523+00:00,1560109,2.8620688915252686,58,0.0013463005583941841,11247241,3.0964031231637095,4182
2025-08-24,0.9.32,2025-08-12T21:07:49.523+00:00,1560758,2.8620688915252686,58,0.000897123054524576,11249565,3.0963890684275124,4182
2025-08-24,0.9.32,2025-08-12T21:07:49.523+00:00,1560758,2.8620688915252686,58,0.000897123054524576,11249565,3.0963890684275124,4182
2025-08-24,0.9.32,2025-08-12T21:07:49.523+00:00,1560758,2.8620688915252686,58,0.000897123054524576,11249565,3.0963890684275124,4182
2025-08-25,0.9.32,2025-08-12T21:07:49.523+00:00,1561615,2.8620688915252686,58,0.002241911184446517,11253052,3.0964040655638585,4182
2025-08-25,0.9.32,2025-08-12T21:07:49.523+00:00,1561615,2.8620688915252686,58,0.002241911184446517,11253052,3.0964040655638585,4182
2025-08-25,0.9.32,2025-08-12T21:07:49.523+00:00,1561615,2.8620688915252686,58,0.002241911184446517,11253052,3.0964040655638585,4182
2025-08-26,0.9.32,2025-08-12T21:07:49.523+00:00,1562939,2.8620688915252686,58,0.002112032440818291,11257012,3.096392492579511,4182
2025-08-26,0.9.32,2025-08-12T21:07:49.523+00:00,1562939,2.8620688915252686,58,0.002112032440818291,11257012,3.096392492579511,4182
2025-08-26,0.9.32,2025-08-12T21:07:49.523+00:00,1562939,2.8620688915252686,58,0.002112032440818291,11257012,3.096392492579511,4182
2025-08-27,0.9.32,2025-08-12T21:07:49.523+00:00,1564229,2.8620688915252686,58,0.0019184640009822535,11260434,3.096399296311211,4183
2025-08-27,0.9.32,2025-08-12T21:07:49.523+00:00,1564229,2.8620688915252686,58,0.0019184640009822535,11260434,3.096399296311211,4183
2025-08-27,0.9.32,2025-08-12T21:07:49.523+00:00,1564229,2.8620688915252686,58,0.0019184640009822535,11260434,3.096399296311211,4183
2025-08-28,0.9.32,2025-08-12T21:07:49.523+00:00,1565521,2.8620688915252686,58,0.00223636742366639,11263553,3.0964321694849715,4183
2025-08-28,0.9.32,2025-08-12T21:07:49.523+00:00,1565521,2.8620688915252686,58,0.00223636742366639,11263553,3.0964321694849715,4183
2025-08-28,0.9.32,2025-08-12T21:07:49.523+00:00,1565521,2.8620688915252686,58,0.00223636742366639,11263553,3.0964321694849715,4183
2025-08-29,0.9.32,2025-08-12T21:07:49.523+00:00,1566806,2.8620688915252686,58,0.002362212767696166,11266249,3.0964233610392644,4185
2025-08-29,0.9.32,2025-08-12T21:07:49.523+00:00,1566806,2.8620688915252686,58,0.002362212767696166,11266249,3.0964233610392644,4185
2025-08-29,0.9.32,2025-08-12T21:07:49.523+00:00,1566806,2.8620688915252686,58,0.002362212767696166,11266249,3.0964233610392644,4185
2025-08-30,0.9.32,2025-08-12T21:07:49.523+00:00,1567704,2.8620688915252686,58,0.0011483385455143982,11268299,3.096407461668927,4186
2025-08-30,0.9.32,2025-08-12T21:07:49.523+00:00,1567704,2.8620688915252686,58,0.0011483385455143982,11268299,3.096407461668927,4186
2025-08-30,0.9.32,2025-08-12T21:07:49.523+00:00,1567704,2.8620688915252686,58,0.0011483385455143982,11268299,3.096407461668927,4186
2025-08-31,0.9.32,2025-08-12T21:07:49.523+00:00,1568256,2.8620688915252686,58,0.0014030316963992468,11269909,3.0964160325837353,4188
2025-08-31,0.9.32,2025-08-12T21:07:49.523+00:00,1568256,2.8620688915252686,58,0.0014030316963992468,11269909,3.0964160325837353,4188
2025-08-31,0.9.32,2025-08-12T21:07:49.523+00:00,1568256,2.8620688915252686,58,0.0014030316963992468,11269909,3.0964160325837353,4188
2025-09-01,0.9.32,2025-08-12T21:07:49.523+00:00,1569123,2.8620688915252686,58,0.0017849527210648006,11272072,3.096394991382562,4189
2025-09-01,0.9.32,2025-08-12T21:07:49.523+00:00,1569123,2.8620688915252686,58,0.0017849527210648006,11272072,3.096394991382562,4189
2025-09-01,0.9.32,2025-08-12T21:07:49.523+00:00,1569123,2.8620688915252686,58,0.0017849527210648006,11272072,3.096394991382562,4189
2025-09-02,0.9.32,2025-08-12T21:07:49.523+00:00,1570246,2.8620688915252686,58,0.002229658664740242,11274542,3.0963844865596903,4190
2025-09-02,0.9.32,2025-08-12T21:07:49.523+00:00,1570246,2.8620688915252686,58,0.002229658664740242,11274542,3.0963844865596903,4190
2025-09-02,0.9.32,2025-08-12T21:07:49.523+00:00,1570246,2.8620688915252686,58,0.002229658664740242,11274542,3.0963844865596903,4190
2025-09-03,0.9.32,2025-08-12T21:07:49.523+00:00,1571713,2.8620688915252686,58,0.0033732587143047174,11277121,3.096410497131491,4191
2025-09-03,0.9.32,2025-08-12T21:07:49.523+00:00,1571713,2.8620688915252686,58,0.0033732587143047174,11277121,3.096410497131491,4191
2025-09-03,0.9.32,2025-08-12T21:07:49.523+00:00,1571713,2.8620688915252686,58,0.0033732587143047174,11277121,3.096410497131491,4191
2025-09-04,0.9.32,2025-08-12T21:07:49.523+00:00,1573082,2.8620688915252686,58,0.0024163543952532627,11279450,3.096410348390907,4195
2025-09-04,0.9.32,2025-08-12T21:07:49.523+00:00,1573082,2.8620688915252686,58,0.0024163543952532627,11279450,3.096410348390907,4195
2025-09-04,0.9.32,2025-08-12T21:07:49.523+00:00,1573082,2.8620688915252686,58,0.0024163543952532627,11279450,3.096410348390907,4195
2025-09-05,0.9.32,2025-08-12T21:07:49.523+00:00,1574436,2.8620688915252686,58,0.0023507795057771995,11281470,3.09640696023276,4196
2025-09-05,0.9.32,2025-08-12T21:07:49.523+00:00,1574436,2.8620688915252686,58,0.0023507795057771995,11281470,3.09640696023276,4196
2025-09-05,0.9.32,2025-08-12T21:07:49.523+00:00,1574436,2.8620688915252686,58,0.0023507795057771995,11281470,3.09640696023276,4196
2025-09-06,0.9.32,2025-08-12T21:07:49.523+00:00,1575477,2.8620688915252686,58,0.0010157343600714823,11283073,3.0964214016020275,4197
2025-09-06,0.9.32,2025-08-12T21:07:49.523+00:00,1575477,2.8620688915252686,58,0.0010157343600714823,11283073,3.0964214016020275,4197
2025-09-06,0.9.32,2025-08-12T21:07:49.523+00:00,1575477,2.8620688915252686,58,0.0010157343600714823,11283073,3.0964214016020275,4197
2025-09-07,0.9.32,2025-08-12T21:07:49.523+00:00,1576140,2.8620688915252686,58,0.0012056778542995424,11284305,3.096421081507313,4198
2025-09-07,0.9.32,2025-08-12T21:07:49.523+00:00,1576140,2.8620688915252686,58,0.0012056778542995424,11284305,3.096421081507313,4198
2025-09-07,0.9.32,2025-08-12T21:07:49.523+00:00,1576140,2.8620688915252686,58,0.0012056778542995424,11284305,3.096421081507313,4198
2025-09-08,0.9.32,2025-08-12T21:07:49.523+00:00,1577125,2.8620688915252686,58,0.0019662228288618677,11285907,3.0964114470461874,4199
2025-09-08,0.9.32,2025-08-12T21:07:49.523+00:00,1577125,2.8620688915252686,58,0.0019662228288618677,11285907,3.0964114470461874,4199
2025-09-08,0.9.32,2025-08-12T21:07:49.523+00:00,1577125,2.8620688915252686,58,0.0019662228288618677,11285907,3.0964114470461874,4199
2025-09-09,0.9.32,2025-08-12T21:07:49.523+00:00,1578556,2.8620688915252686,58,0.0025981251675315465,11287858,3.0964256820751666,4200
2025-09-09,0.9.32,2025-08-12T21:07:49.523+00:00,1578556,2.8620688915252686,58,0.0025981251675315465,11287858,3.0964256820751666,4200
2025-09-09,0.9.32,2025-08-12T21:07:49.523+00:00,1578556,2.8620688915252686,58,0.0025981251675315465,11287858,3.0964256820751666,4200
2025-09-10,0.9.32,2025-08-12T21:07:49.523+00:00,1579871,2.8620688915252686,58,0.002026060199313672,11289698,3.0964280954366927,4200
2025-09-10,0.9.32,2025-08-12T21:07:49.523+00:00,1579871,2.8620688915252686,58,0.002026060199313672,11289698,3.0964280954366927,4200
2025-09-10,0.9.32,2025-08-12T21:07:49.523+00:00,1579871,2.8620688915252686,58,0.002026060199313672,11289698,3.0964280954366927,4200
2025-09-11,0.9.32,2025-08-12T21:07:49.523+00:00,1581178,2.8620688915252686,58,0.0020244195609540076,11291378,3.0964177012488157,4201
2025-09-11,0.9.32,2025-08-12T21:07:49.523+00:00,1581178,2.8620688915252686,58,0.0020244195609540076,11291378,3.0964177012488157,4201
2025-09-11,0.9.32,2025-08-12T21:07:49.523+00:00,1581178,2.8620688915252686,58,0.0020244195609540076,11291378,3.0964177012488157,4201
2025-09-12,0.9.32,2025-08-12T21:07:49.523+00:00,1582397,2.8620688915252686,58,0.0017067510855252968,11292956,3.09636601226438,4203
2025-09-12,0.9.32,2025-08-12T21:07:49.523+00:00,1582397,2.8620688915252686,58,0.0017067510855252968,11292956,3.09636601226438,4203
2025-09-12,0.9.32,2025-08-12T21:07:49.523+00:00,1582397,2.8620688915252686,58,0.0017067510855252968,11292956,3.09636601226438,4203
2025-09-13,0.9.32,2025-08-12T21:07:49.523+00:00,1583326,2.8620688915252686,58,0.0010738478875517027,11294283,3.0963571227578814,4205
2025-09-13,0.9.32,2025-08-12T21:07:49.523+00:00,1583326,2.8620688915252686,58,0.0010738478875517027,11294283,3.0963571227578814,4205
2025-09-13,0.9.32,2025-08-12T21:07:49.523+00:00,1583326,2.8620688915252686,58,0.0010738478875517027,11294283,3.0963571227578814,4205
2025-09-14,0.9.32,2025-08-12T21:07:49.523+00:00,1583936,2.8620688915252686,58,0.0008840175313305286,11295213,3.096212132249873,4208
2025-09-14,0.9.32,2025-08-12T21:07:49.523+00:00,1583936,2.8620688915252686,58,0.0008840175313305286,11295213,3.096212132249873,4208
2025-09-14,0.9.32,2025-08-12T21:07:49.523+00:00,1583936,2.8620688915252686,58,0.0008840175313305286,11295213,3.096212132249873,4208
2025-09-15,0.9.32,2025-08-12T21:07:49.523+00:00,1584694,2.8620688915252686,58,0.0023984614500971693,11296333,3.0963421643349998,4210
2025-09-15,0.9.32,2025-08-12T21:07:49.523+00:00,1584694,2.8620688915252686,58,0.0023984614500971693,11296333,3.0963421643349998,4210
2025-09-15,0.9.32,2025-08-12T21:07:49.523+00:00,1584694,2.8620688915252686,58,0.0023984614500971693,11296333,3.0963421643349998,4210
2025-09-16,0.9.32,2025-08-12T21:07:49.523+00:00,1585826,2.8620688915252686,58,0.0015768612639615296,11297915,3.0963336596180318,4212
2025-09-16,0.9.32,2025-08-12T21:07:49.523+00:00,1585826,2.8620688915252686,58,0.0015768612639615296,11297915,3.0963336596180318,4212
2025-09-16,0.9.32,2025-08-12T21:07:49.523+00:00,1585826,2.8620688915252686,58,0.0015768612639615296,11297915,3.0963336596180318,4212
2025-09-17,0.9.32,2025-08-12T21:07:49.523+00:00,1587050,2.8620688915252686,58,0.0023320013613845787,11299460,3.096332063069752,4212
2025-09-17,0.9.32,2025-08-12T21:07:49.523+00:00,1587050,2.8620688915252686,58,0.0023320013613845787,11299460,3.096332063069752,4212
2025-09-17,0.9.32,2025-08-12T21:07:49.523+00:00,1587050,2.8620688915252686,58,0.0023320013613845787,11299460,3.096332063069752,4212
2025-09-18,0.9.32,2025-08-12T21:07:49.523+00:00,1588257,2.8620688915252686,58,0.0020153379816264154,11300931,3.0963278057946613,4213
2025-09-18,0.9.32,2025-08-12T21:07:49.523+00:00,1588257,2.8620688915252686,58,0.0020153379816264154,11300931,3.0963278057946613,4213
2025-09-18,0.9.32,2025-08-12T21:07:49.523+00:00,1588257,2.8620688915252686,58,0.0020153379816264154,11300931,3.0963278057946613,4213
2025-09-19,0.9.32,2025-08-12T21:07:49.523+00:00,1589415,2.8620688915252686,58,0.0022026916892442564,11302252,3.096320527184905,4214
2025-09-19,0.9.32,2025-08-12T21:07:49.523+00:00,1589415,2.8620688915252686,58,0.0022026916892442564,11302252,3.096320527184905,4214
2025-09-19,0.9.32,2025-08-12T21:07:49.523+00:00,1589415,2.8620688915252686,58,0.0022026916892442564,11302252,3.096320527184905,4214
2025-09-20,0.9.32,2025-08-12T21:07:49.523+00:00,1590286,2.8620688915252686,58,0.0014464653731912109,11303309,3.096322345502746,4216
2025-09-20,0.9.32,2025-08-12T21:07:49.523+00:00,1590286,2.8620688915252686,58,0.0014464653731912109,11303309,3.096322345502746,4216
2025-09-20,0.9.32,2025-08-12T21:07:49.523+00:00,1590286,2.8620688915252686,58,0.0014464653731912109,11303309,3.096322345502746,4216
2025-09-21,0.9.32,2025-08-12T21:07:49.523+00:00,1590793,2.8620688915252686,58,0.000943034433330609,11304112,3.096341873511463,4217
2025-09-21,0.9.32,2025-08-12T21:07:49.523+00:00,1590793,2.8620688915252686,58,0.000943034433330609,11304112,3.096341873511463,4217
2025-09-21,0.9.32,2025-08-12T21:07:49.523+00:00,1590793,2.8620688915252686,58,0.000943034433330609,11304112,3.096341873511463,4217
2025-09-22,0.9.32,2025-08-12T21:07:49.523+00:00,1591618,2.8620688915252686,58,0.0012569232906000363,11305116,3.0963448818506314,4218
2025-09-22,0.9.32,2025-08-12T21:07:49.523+00:00,1591618,2.8620688915252686,58,0.0012569232906000363,11305116,3.0963448818506314,4218
2025-09-22,0.9.32,2025-08-12T21:07:49.523+00:00,1591618,2.8620688915252686,58,0.0012569232906000363,11305116,3.0963448818506314,4218
2025-09-23,0.9.32,2025-08-12T21:07:49.523+00:00,1592832,2.8620688915252686,58,0.0018211207302568533,11306370,3.0963573310855836,4218
2025-09-23,0.9.32,2025-08-12T21:07:49.523+00:00,1592832,2.8620688915252686,58,0.0018211207302568533,11306370,3.0963573310855836,4218
2025-09-23,0.9.32,2025-08-12T21:07:49.523+00:00,1592832,2.8620688915252686,58,0.0018211207302568533,11306370,3.0963573310855836,4218
2025-09-24,0.9.32,2025-08-12T21:07:49.523+00:00,1594077,2.8620688915252686,58,0.00232169536470383,11307633,3.0963543504187125,4221
2025-09-24,0.9.32,2025-08-12T21:07:49.523+00:00,1594077,2.8620688915252686,58,0.00232169536470383,11307633,3.0963543504187125,4221
2025-09-24,0.9.32,2025-08-12T21:07:49.523+00:00,1594077,2.8620688915252686,58,0.00232169536470383,11307633,3.0963543504187125,4221
2025-09-25,0.9.32,2025-08-12T21:07:49.523+00:00,1595249,2.8620688915252686,58,0.002131841880033733,11308789,3.0963141677119306,4224
2025-09-25,0.9.32,2025-08-12T21:07:49.523+00:00,1595249,2.8620688915252686,58,0.002131841880033733,11308789,3.0963141677119306,4224
2025-09-25,0.9.32,2025-08-12T21:07:49.523+00:00,1595249,2.8620688915252686,58,0.002131841880033733,11308789,3.0963141677119306,4224
2025-09-26,0.9.32,2025-08-12T21:07:49.523+00:00,1596391,2.8620688915252686,58,0.0019423863155751185,11309906,3.096270634415168,4224
2025-09-26,0.9.32,2025-08-12T21:07:49.523+00:00,1596391,2.8620688915252686,58,0.0019423863155751185,11309906,3.096270634415168,4224
2025-09-26,0.9.32,2025-08-12T21:07:49.523+00:00,1596391,2.8620688915252686,58,0.0019423863155751185,11309906,3.096270634415168,4224
2025-09-27,0.9.32,2025-08-12T21:07:49.523+00:00,1597318,2.8620688915252686,58,0.0013148906355367352,11310771,3.0962485653498693,4224
2025-09-27,0.9.32,2025-08-12T21:07:49.523+00:00,1597318,2.8620688915252686,58,0.0013148906355367352,11310771,3.0962485653498693,4224
2025-09-27,0.9.32,2025-08-12T21:07:49.523+00:00,1597318,2.8620688915252686,58,0.0013148906355367352,11310771,3.0962485653498693,4224
2025-09-28,0.9.32,2025-08-12T21:07:49.523+00:00,1597885,2.8620688915252686,58,0.0008136783078996271,11311463,3.0962506727772627,4225
2025-09-28,0.9.32,2025-08-12T21:07:49.523+00:00,1597885,2.8620688915252686,58,0.0008136783078996271,11311463,3.0962506727772627,4225
2025-09-28,0.9.32,2025-08-12T21:07:49.523+00:00,1597885,2.8620688915252686,58,0.0008136783078996271,11311463,3.0962506727772627,4225
2025-09-29,0.9.32,2025-08-12T21:07:49.523+00:00,1598733,2.8620688915252686,58,0.0021272615449299537,11312334,3.0962433538708005,4227
2025-09-29,0.9.32,2025-08-12T21:07:49.523+00:00,1598733,2.8620688915252686,58,0.0021272615449299537,11312334,3.0962433538708005,4227
2025-09-29,0.9.32,2025-08-12T21:07:49.523+00:00,1598733,2.8620688915252686,58,0.0021272615449299537,11312334,3.0962433538708005,4227
2025-09-30,0.9.32,2025-08-12T21:07:49.523+00:00,1600057,2.8620688915252686,58,0.0023131173131829556,11313460,3.0962258895565555,4227
2025-09-30,0.9.32,2025-08-12T21:07:49.523+00:00,1600057,2.8620688915252686,58,0.0023131173131829556,11313460,3.0962258895565555,4227
2025-09-30,0.9.32,2025-08-12T21:07:49.523+00:00,1600057,2.8620688915252686,58,0.0023131173131829556,11313460,3.0962258895565555,4227
2025-10-01,0.9.32,2025-08-12T21:07:49.523+00:00,1601323,2.8620688915252686,58,0.002561065803150236,11314544,3.096152042642438,4229
2025-10-01,0.9.32,2025-08-12T21:07:49.523+00:00,1601323,2.8620688915252686,58,0.002561065803150236,11314544,3.096152042642438,4229
2025-10-01,0.9.32,2025-08-12T21:07:49.523+00:00,1601323,2.8620688915252686,58,0.002561065803150236,11314544,3.096152042642438,4229
2025-10-02,0.9.32,2025-08-12T21:07:49.523+00:00,1602508,2.8620688915252686,58,0.0025591682827918404,11315610,3.096119377078644,4230
2025-10-02,0.9.32,2025-08-12T21:07:49.523+00:00,1602508,2.8620688915252686,58,0.0025591682827918404,11315610,3.096119377078644,4230
2025-10-02,0.9.32,2025-08-12T21:07:49.523+00:00,1602508,2.8620688915252686,58,0.0025591682827918404,11315610,3.096119377078644,4230
2025-10-03,0.9.32,2025-08-12T21:07:49.523+00:00,1603664,2.8620688915252686,58,0.0026196526340607237,11316544,3.096087583317167,4230
2025-10-03,0.9.32,2025-08-12T21:07:49.523+00:00,1603664,2.8620688915252686,58,0.0026196526340607237,11316544,3.096087583317167,4230
2025-10-03,0.9.32,2025-08-12T21:07:49.523+00:00,1603664,2.8620688915252686,58,0.0026196526340607237,11316544,3.096087583317167,4230
2025-10-04,0.9.32,2025-08-12T21:07:49.523+00:00,1604588,2.8620688915252686,58,0.0012466022297974084,11317331,3.0960481389122902,4231
2025-10-04,0.9.32,2025-08-12T21:07:49.523+00:00,1604588,2.8620688915252686,58,0.0012466022297974084,11317331,3.0960481389122902,4231
2025-10-04,0.9.32,2025-08-12T21:07:49.523+00:00,1604588,2.8620688915252686,58,0.0012466022297974084,11317331,3.0960481389122902,4231
2025-10-05,0.9.32,2025-08-12T21:07:49.523+00:00,1605140,2.8620688915252686,58,0.000560773169122334,11317986,3.0960320636941243,4234
2025-10-05,0.9.32,2025-08-12T21:07:49.523+00:00,1605140,2.8620688915252686,58,0.000560773169122334,11317986,3.0960320636941243,4234
2025-10-05,0.9.32,2025-08-12T21:07:49.523+00:00,1605140,2.8620688915252686,58,0.000560773169122334,11317986,3.0960320636941243,4234
2025-10-06,0.9.32,2025-08-12T21:07:49.523+00:00,1605957,2.8620688915252686,58,0.001183417947716595,11318746,3.096030029978859,4235
2025-10-06,0.9.32,2025-08-12T21:07:49.523+00:00,1605957,2.8620688915252686,58,0.001183417947716595,11318746,3.096030029978859,4235
2025-10-06,0.9.32,2025-08-12T21:07:49.523+00:00,1605957,2.8620688915252686,58,0.001183417947716595,11318746,3.096030029978859,4235
2025-10-07,0.9.32,2025-08-12T21:07:49.523+00:00,1607239,2.8620688915252686,58,0.00205380470433303,11319727,3.095991450245673,4235
2025-10-07,0.9.32,2025-08-12T21:07:49.523+00:00,1607239,2.8620688915252686,58,0.00205380470433303,11319727,3.095991450245673,4235
2025-10-07,0.9.32,2025-08-12T21:07:49.523+00:00,1607239,2.8620688915252686,58,0.00205380470433303,11319727,3.095991450245673,4235
2025-10-08,0.9.32,2025-08-12T21:07:49.523+00:00,1608521,2.8620688915252686,58,0.0021765153988464467,11320668,3.0959691320316836,4236
2025-10-08,0.9.32,2025-08-12T21:07:49.523+00:00,1608521,2.8620688915252686,58,0.0021765153988464467,11320668,3.0959691320316836,4236
2025-10-08,0.9.32,2025-08-12T21:07:49.523+00:00,1608521,2.8620688915252686,58,0.0021765153988464467,11320668,3.0959691320316836,4236
2025-10-09,0.9.32,2025-08-12T21:07:49.523+00:00,1609775,2.8620688915252686,58,0.002858337677799478,11321629,3.0959641332846237,4236
2025-10-09,0.9.32,2025-08-12T21:07:49.523+00:00,1609775,2.8620688915252686,58,0.002858337677799478,11321629,3.0959641332846237,4236
2025-10-09,0.9.32,2025-08-12T21:07:49.523+00:00,1609775,2.8620688915252686,58,0.002858337677799478,11321629,3.0959641332846237,4236
2025-10-10,0.9.32,2025-08-12T21:07:49.523+00:00,1611018,2.844827651977539,58,0.0024835480464100623,11322455,3.081208173524365,4237
2025-10-10,0.9.32,2025-08-12T21:07:49.523+00:00,1611018,2.844827651977539,58,0.0024835480464100623,11322455,3.081208173524365,4237
2025-10-10,0.9.32,2025-08-12T21:07:49.523+00:00,1611018,2.844827651977539,58,0.0024835480464100623,11322455,3.081208173524365,4237
2025-10-11,0.9.32,2025-08-12T21:07:49.523+00:00,1612007,2.844827651977539,58,0.0014890508231659083,11323191,3.081190400311778,4238
2025-10-11,0.9.32,2025-08-12T21:07:49.523+00:00,1612007,2.844827651977539,58,0.0014890508231659083,11323191,3.081190400311778,4238
2025-10-11,0.9.32,2025-08-12T21:07:49.523+00:00,1612007,2.844827651977539,58,0.0014890508231659083,11323191,3.081190400311778,4238
2025-10-12,0.9.32,2025-08-12T21:07:49.523+00:00,1612646,2.844827651977539,58,0.0017365041071423033,11323745,3.0811754256848127,4238
2025-10-12,0.9.32,2025-08-12T21:07:49.523+00:00,1612646,2.844827651977539,58,0.0017365041071423033,11323745,3.0811754256848127,4238
2025-10-12,0.9.32,2025-08-12T21:07:49.523+00:00,1612646,2.844827651977539,58,0.0017365041071423033,11323745,3.0811754256848127,4238
2025-10-13,0.9.32,2025-08-12T21:07:49.523+00:00,1613478,2.844827651977539,58,0.0011159012204239682,11324448,3.081180212587175,4241
2025-10-13,0.9.32,2025-08-12T21:07:49.523+00:00,1613478,2.844827651977539,58,0.0011159012204239682,11324448,3.081180212587175,4241
2025-10-13,0.9.32,2025-08-12T21:07:49.523+00:00,1613478,2.844827651977539,58,0.0011159012204239682,11324448,3.081180212587175,4241
2025-10-14,0.9.32,2025-08-12T21:07:49.523+00:00,1614748,2.8135592937469482,59,0.002415924286171807,11325235,3.081143188525253,4241
2025-10-14,0.9.32,2025-08-12T21:07:49.523+00:00,1614748,2.8135592937469482,59,0.002415924286171807,11325235,3.081143188525253,4241
2025-10-14,0.9.32,2025-08-12T21:07:49.523+00:00,1614748,2.8135592937469482,59,0.002415924286171807,11325235,3.081143188525253,4241
2025-10-15,0.9.32,2025-08-12T21:07:49.523+00:00,1616054,2.8135592937469482,59,0.0035900352999505437,11325966,3.050951533877721,4245
2025-10-15,0.9.32,2025-08-12T21:07:49.523+00:00,1616054,2.8135592937469482,59,0.0035900352999505437,11325966,3.050951533877721,4245
2025-10-15,0.9.32,2025-08-12T21:07:49.523+00:00,1616054,2.8135592937469482,59,0.0035900352999505437,11325966,3.050951533877721,4245
2025-10-16,0.9.32,2025-08-12T21:07:49.523+00:00,1617319,2.8135592937469482,59,0.0019173190190006316,11326689,3.0510049493609586,4245
2025-10-16,0.9.32,2025-08-12T21:07:49.523+00:00,1617319,2.8135592937469482,59,0.0019173190190006316,11326689,3.0510049493609586,4245
2025-10-16,0.9.32,2025-08-12T21:07:49.523+00:00,1617319,2.8135592937469482,59,0.0019173190190006316,11326689,3.0510049493609586,4245
2025-10-17,0.9.32,2025-08-12T21:07:49.523+00:00,1618598,2.8135592937469482,59,0.0019775669746315235,11327361,3.0510094077453047,4245
2025-10-17,0.9.32,2025-08-12T21:07:49.523+00:00,1618598,2.8135592937469482,59,0.0019775669746315235,11327361,3.0510094077453047,4245
2025-10-17,0.9.32,2025-08-12T21:07:49.523+00:00,1618598,2.8135592937469482,59,0.0019775669746315235,11327361,3.0510094077453047,4245
2025-10-18,0.9.32,2025-08-12T21:07:49.523+00:00,1619523,2.8135592937469482,59,0.0012968542638406772,11327919,3.0510048818624185,4247
2025-10-18,0.9.32,2025-08-12T21:07:49.523+00:00,1619523,2.8135592937469482,59,0.0012968542638406772,11327919,3.0510048818624185,4247
2025-10-18,0.9.32,2025-08-12T21:07:49.523+00:00,1619523,2.8135592937469482,59,0.0012968542638406772,11327919,3.0510048818624185,4247
2025-10-19,0.9.32,2025-08-12T21:07:49.523+00:00,1620128,2.8135592937469482,59,0.0012346372543149027,11328319,3.0510024877009796,4247
2025-10-19,0.9.32,2025-08-12T21:07:49.523+00:00,1620128,2.8135592937469482,59,0.0012346372543149027,11328319,3.0510024877009796,4247
2025-10-19,0.9.32,2025-08-12T21:07:49.523+00:00,1620128,2.8135592937469482,59,0.0012346372543149027,11328319,3.0510024877009796,4247
2025-10-20,0.9.32,2025-08-12T21:07:49.523+00:00,1620956,2.8135592937469482,59,0.001666122605642972,11328850,3.050994447896306,4254
2025-10-20,0.9.32,2025-08-12T21:07:49.523+00:00,1620956,2.8135592937469482,59,0.001666122605642972,11328850,3.050994447896306,4254
2025-10-20,0.9.32,2025-08-12T21:07:49.523+00:00,1620956,2.8135592937469482,59,0.001666122605642972,11328850,3.050994447896306,4254
2025-10-21,0.9.32,2025-08-12T21:07:49.523+00:00,1622150,2.8135592937469482,59,0.0022814832354145394,11329467,3.0509787947008773,4254
2025-10-21,0.9.32,2025-08-12T21:07:49.523+00:00,1622150,2.8135592937469482,59,0.0022814832354145394,11329467,3.0509787947008773,4254
2025-10-21,0.9.32,2025-08-12T21:07:49.523+00:00,1622150,2.8135592937469482,59,0.0022814832354145394,11329467,3.0509787947008773,4254
2025-10-22,0.9.32,2025-08-12T21:07:49.523+00:00,1623394,2.8135592937469482,59,0.001971667143152893,11330150,3.050968038440003,4255
2025-10-22,0.9.32,2025-08-12T21:07:49.523+00:00,1623394,2.8135592937469482,59,0.001971667143152893,11330150,3.050968038440003,4255
2025-10-22,0.9.32,2025-08-12T21:07:49.523+00:00,1623394,2.8135592937469482,59,0.001971667143152893,11330150,3.050968038440003,4255
2025-10-23,0.9.32,2025-08-12T21:07:49.523+00:00,1624575,2.8135592937469482,59,0.0016008383467280404,11330775,3.05096527677533,4257
2025-10-23,0.9.32,2025-08-12T21:07:49.523+00:00,1624575,2.8135592937469482,59,0.0016008383467280404,11330775,3.05096527677533,4257
2025-10-23,0.9.32,2025-08-12T21:07:49.523+00:00,1624575,2.8135592937469482,59,0.0016008383467280404,11330775,3.05096527677533,4257
2025-10-24,0.9.32,2025-08-12T21:07:49.523+00:00,1625747,2.8135592937469482,59,0.0011689854621276397,11331376,3.0509858030272117,4258
2025-10-24,0.9.32,2025-08-12T21:07:49.523+00:00,1625747,2.8135592937469482,59,0.0011689854621276397,11331376,3.0509858030272117,4258
2025-10-24,0.9.32,2025-08-12T21:07:49.523+00:00,1625747,2.8135592937469482,59,0.0011689854621276397,11331376,3.0509858030272117,4258
2025-10-25,0.9.32,2025-08-12T21:07:49.523+00:00,1626696,2.8135592937469482,59,0.0014141323468018167,11331855,3.0509952592917484,4260
2025-10-25,0.9.32,2025-08-12T21:07:49.523+00:00,1626696,2.8135592937469482,59,0.0014141323468018167,11331855,3.0509952592917484,4260
2025-10-25,0.9.32,2025-08-12T21:07:49.523+00:00,1626696,2.8135592937469482,59,0.0014141323468018167,11331855,3.0509952592917484,4260
2025-10-26,0.9.32,2025-08-12T21:07:49.523+00:00,1627301,2.8135592937469482,59,0.001413569157641847,11332237,3.0509850528532003,4261
2025-10-26,0.9.32,2025-08-12T21:07:49.523+00:00,1627301,2.8135592937469482,59,0.001413569157641847,11332237,3.0509850528532003,4261
2025-10-26,0.9.32,2025-08-12T21:07:49.523+00:00,1627301,2.8135592937469482,59,0.001413569157641847,11332237,3.0509850528532003,4261
2025-10-27,0.9.32,2025-08-12T21:07:49.523+00:00,1628079,2.8135592937469482,59,0.001720223997739134,11332683,3.0509769787805494,4263
2025-10-27,0.9.32,2025-08-12T21:07:49.523+00:00,1628079,2.8135592937469482,59,0.001720223997739134,11332683,3.0509769787805494,4263
2025-10-27,0.9.32,2025-08-12T21:07:49.523+00:00,1628079,2.8135592937469482,59,0.001720223997739134,11332683,3.0509769787805494,4263
2025-10-28,0.9.32,2025-08-12T21:07:49.523+00:00,1629295,2.8135592937469482,59,0.0026398652809215706,11333264,3.0509899168474783,4265
2025-10-28,0.9.32,2025-08-12T21:07:49.523+00:00,1629295,2.8135592937469482,59,0.0026398652809215706,11333264,3.0509899168474783,4265
2025-10-28,0.9.32,2025-08-12T21:07:49.523+00:00,1629295,2.8135592937469482,59,0.0026398652809215706,11333264,3.0509899168474783,4265
2025-10-29,0.9.32,2025-08-12T21:07:49.523+00:00,1630490,2.8135592937469482,59,0.0017790712511901372,11333822,3.0510083178787015,4265
2025-10-29,0.9.32,2025-08-12T21:07:49.523+00:00,1630490,2.8135592937469482,59,0.0017790712511901372,11333822,3.0510083178787015,4265
2025-10-29,0.9.32,2025-08-12T21:07:49.523+00:00,1630490,2.8135592937469482,59,0.0017790712511901372,11333822,3.0510083178787015,4265
2025-10-30,0.9.32,2025-08-12T21:07:49.523+00:00,1631572,2.8135592937469482,59,0.0017166171606539087,11334334,3.051018824635915,4267
2025-10-30,0.9.32,2025-08-12T21:07:49.523+00:00,1631572,2.8135592937469482,59,0.0017166171606539087,11334334,3.051018824635915,4267
2025-10-30,0.9.32,2025-08-12T21:07:49.523+00:00,1631572,2.8135592937469482,59,0.0017166171606539087,11334334,3.051018824635915,4267
2025-10-31,0.9.32,2025-08-12T21:07:49.523+00:00,1632762,2.8135592937469482,59,0.002266652699185169,11334789,3.0510125992793493,4271
2025-10-31,0.9.32,2025-08-12T21:07:49.523+00:00,1632762,2.8135592937469482,59,0.002266652699185169,11334789,3.0510125992793493,4271
2025-10-31,0.9.32,2025-08-12T21:07:49.523+00:00,1632762,2.8135592937469482,59,0.002266652699185169,11334789,3.0510125992793493,4271
2025-11-01,0.9.32,2025-08-12T21:07:49.523+00:00,1633535,2.8135592937469482,59,0.001040817813413203,11335167,3.051045847659763,4272
2025-11-01,0.9.32,2025-08-12T21:07:49.523+00:00,1633535,2.8135592937469482,59,0.001040817813413203,11335167,3.051045847659763,4272
2025-11-01,0.9.32,2025-08-12T21:07:49.523+00:00,1633535,2.8135592937469482,59,0.001040817813413203,11335167,3.051045847659763,4272
2025-11-02,0.9.32,2025-08-12T21:07:49.523+00:00,1634143,2.8135592937469482,59,0.0016524767872913518,11335522,3.0510599352607026,4272
2025-11-02,0.9.32,2025-08-12T21:07:49.523+00:00,1634143,2.8135592937469482,59,0.0016524767872913518,11335522,3.0510599352607026,4272
2025-11-02,0.9.32,2025-08-12T21:07:49.523+00:00,1634143,2.8135592937469482,59,0.0016524767872913518,11335522,3.0510599352607026,4272
2025-11-03,0.9.32,2025-08-12T21:07:49.523+00:00,1634913,2.8135592937469482,59,0.001468308398601681,11335967,3.051068583824528,4273
2025-11-03,0.9.32,2025-08-12T21:07:49.523+00:00,1634913,2.8135592937469482,59,0.001468308398601681,11335967,3.051068583824528,4273
2025-11-03,0.9.32,2025-08-12T21:07:49.523+00:00,1634913,2.8135592937469482,59,0.001468308398601681,11335967,3.051068583824528,4273
2025-11-04,0.9.32,2025-08-12T21:07:49.523+00:00,1636151,2.8135592937469482,59,0.0018340760322332749,11336490,3.051094302136386,4274
2025-11-04,0.9.32,2025-08-12T21:07:49.523+00:00,1636151,2.8135592937469482,59,0.0018340760322332749,11336490,3.051094302136386,4274
2025-11-04,0.9.32,2025-08-12T21:07:49.523+00:00,1636151,2.8135592937469482,59,0.0018340760322332749,11336490,3.051094302136386,4274
2025-11-05,0.9.32,2025-08-12T21:07:49.523+00:00,1637400,2.8135592937469482,59,0.001527233319099519,11337003,3.051113342323597,4274
2025-11-05,0.9.32,2025-08-12T21:07:49.523+00:00,1637400,2.8135592937469482,59,0.001527233319099519,11337003,3.051113342323597,4274
2025-11-05,0.9.32,2025-08-12T21:07:49.523+00:00,1637400,2.8135592937469482,59,0.001527233319099519,11337003,3.051113342323597,4274
2025-11-06,0.9.32,2025-08-12T21:07:49.523+00:00,1638592,2.8135592937469482,59,0.0022586026818770333,11337475,3.0511149553080528,4276
2025-11-06,0.9.32,2025-08-12T21:07:49.523+00:00,1638592,2.8135592937469482,59,0.0022586026818770333,11337475,3.0511149553080528,4276
2025-11-06,0.9.32,2025-08-12T21:07:49.523+00:00,1638592,2.8135592937469482,59,0.0022586026818770333,11337475,3.0511149553080528,4276
2025-11-07,0.9.32,2025-08-12T21:07:49.523+00:00,1639781,2.8135592937469482,59,0.001951996740165444,11338008,3.0511197033950426,4278
2025-11-07,0.9.32,2025-08-12T21:07:49.523+00:00,1639781,2.8135592937469482,59,0.001951996740165444,11338008,3.0511197033950426,4278
2025-11-07,0.9.32,2025-08-12T21:07:49.523+00:00,1639781,2.8135592937469482,59,0.001951996740165444,11338008,3.0511197033950426,4278
2025-11-08,0.9.32,2025-08-12T21:07:49.523+00:00,1640683,2.8135592937469482,59,0.0015239702228410218,11338421,3.0511096625888703,4278
2025-11-08,0.9.32,2025-08-12T21:07:49.523+00:00,1640683,2.8135592937469482,59,0.0015239702228410218,11338421,3.0511096625888703,4278
2025-11-08,0.9.32,2025-08-12T21:07:49.523+00:00,1640683,2.8135592937469482,59,0.0015239702228410218,11338421,3.0511096625888703,4278
2025-11-09,0.9.32,2025-08-12T21:07:49.523+00:00,1641325,2.8135592937469482,59,0.001401510096661542,11338779,3.051103606360146,4281
2025-11-09,0.9.32,2025-08-12T21:07:49.523+00:00,1641325,2.8135592937469482,59,0.001401510096661542,11338779,3.051103606360146,4281
2025-11-09,0.9.32,2025-08-12T21:07:49.523+00:00,1641325,2.8135592937469482,59,0.001401510096661542,11338779,3.051103606360146,4281
2025-11-10,0.9.32,2025-08-12T21:07:49.523+00:00,1642119,2.8135592937469482,59,0.001949176442497163,11339153,3.051113195812686,4283
2025-11-10,0.9.32,2025-08-12T21:07:49.523+00:00,1642119,2.8135592937469482,59,0.001949176442497163,11339153,3.051113195812686,4283
2025-11-10,0.9.32,2025-08-12T21:07:49.523+00:00,1642119,2.8135592937469482,59,0.001949176442497163,11339153,3.051113195812686,4283
2025-11-11,0.9.32,2025-08-12T21:07:49.523+00:00,1643337,2.8135592937469482,59,0.002495590109672055,11339603,3.051113922401651,4285
2025-11-11,0.9.32,2025-08-12T21:07:49.523+00:00,1643337,2.8135592937469482,59,0.002495590109672055,11339603,3.051113922401651,4285
2025-11-11,0.9.32,2025-08-12T21:07:49.523+00:00,1643337,2.8135592937469482,59,0.002495590109672055,11339603,3.051113922401651,4285
2025-11-12,0.9.32,2025-08-12T21:07:49.523+00:00,1644469,2.8135592937469482,59,0.0018855897151421367,11340057,3.051122472342988,4287
2025-11-12,0.9.32,2025-08-12T21:07:49.523+00:00,1644469,2.8135592937469482,59,0.0018855897151421367,11340057,3.051122472342988,4287
2025-11-12,0.9.32,2025-08-12T21:07:49.523+00:00,1644469,2.8135592937469482,59,0.0018855897151421367,11340057,3.051122472342988,4287
2025-11-13,0.9.32,2025-08-12T21:07:49.523+00:00,1645708,2.8135592937469482,59,0.0024920406652411383,11340549,3.0511168827899304,4289
2025-11-13,0.9.32,2025-08-12T21:07:49.523+00:00,1645708,2.8135592937469482,59,0.0024920406652411383,11340549,3.0511168827899304,4289
2025-11-13,0.9.32,2025-08-12T21:07:49.523+00:00,1645708,2.8135592937469482,59,0.0024920406652411383,11340549,3.0511168827899304,4289
2025-11-14,0.9.32,2025-08-12T21:07:49.523+00:00,1646943,2.8135592937469482,59,0.003097392966853037,11341003,3.051120715811865,4291
2025-11-14,0.9.32,2025-08-12T21:07:49.523+00:00,1646943,2.8135592937469482,59,0.003097392966853037,11341003,3.051120715811865,4291
2025-11-14,0.9.32,2025-08-12T21:07:49.523+00:00,1646943,2.8135592937469482,59,0.003097392966853037,11341003,3.051120715811865,4291
2025-11-15,0.9.32,2025-08-12T21:07:49.523+00:00,1647855,2.8135592937469482,59,0.0016993879775583677,11341419,3.0511337562310894,4294
2025-11-15,0.9.32,2025-08-12T21:07:49.523+00:00,1647855,2.8135592937469482,59,0.0016993879775583677,11341419,3.0511337562310894,4294
2025-11-15,0.9.32,2025-08-12T21:07:49.523+00:00,1647855,2.8135592937469482,59,0.0016993879775583677,11341419,3.0511337562310894,4294
2025-11-16,0.9.32,2025-08-12T21:07:49.523+00:00,1648456,2.8135592937469482,59,0.0006673744880934324,11341713,3.051116553069124,4299
2025-11-16,0.9.32,2025-08-12T21:07:49.523+00:00,1648456,2.8135592937469482,59,0.0006673744880934324,11341713,3.051116553069124,4299
2025-11-16,0.9.32,2025-08-12T21:07:49.523+00:00,1648456,2.8135592937469482,59,0.0006673744880934324,11341713,3.051116553069124,4299
2025-11-17,0.9.32,2025-08-12T21:07:49.523+00:00,1649318,2.8135592937469482,59,0.001758763189207744,11342092,3.051112367914085,4305
2025-11-17,0.9.32,2025-08-12T21:07:49.523+00:00,1649318,2.8135592937469482,59,0.001758763189207744,11342092,3.051112367914085,4305
2025-11-17,0.9.32,2025-08-12T21:07:49.523+00:00,1649318,2.8135592937469482,59,0.001758763189207744,11342092,3.051112367914085,4305
2025-11-18,0.9.32,2025-08-12T21:07:49.523+00:00,1650572,2.8135592937469482,59,0.002545235500944767,11342546,3.051121011889485,4308
2025-11-18,0.9.32,2025-08-12T21:07:49.523+00:00,1650572,2.8135592937469482,59,0.002545235500944767,11342546,3.051121011889485,4308
2025-11-18,0.9.32,2025-08-12T21:07:49.523+00:00,1650572,2.8135592937469482,59,0.002545235500944767,11342546,3.051121011889485,4308
2025-11-19,0.9.32,2025-08-12T21:07:49.523+00:00,1651778,2.8135592937469482,59,0.002180000193777795,11342981,3.051103594865787,4312
2025-11-19,0.9.32,2025-08-12T21:07:49.523+00:00,1651778,2.8135592937469482,59,0.002180000193777795,11342981,3.051103594865787,4312
2025-11-19,0.9.32,2025-08-12T21:07:49.523+00:00,1651778,2.8135592937469482,59,0.002180000193777795,11342981,3.051103594865787,4312
2025-11-20,0.9.32,2025-08-12T21:07:49.523+00:00,1652944,2.8135592937469482,59,0.0015128226850787273,11343357,3.0510735693105926,4313
2025-11-20,0.9.32,2025-08-12T21:07:49.523+00:00,1652944,2.8135592937469482,59,0.0015128226850787273,11343357,3.0510735693105926,4313
2025-11-20,0.9.32,2025-08-12T21:07:49.523+00:00,1652944,2.8135592937469482,59,0.0015128226850787273,11343357,3.0510735693105926,4313
2025-11-21,0.9.32,2025-08-12T21:07:49.523+00:00,1653954,2.8135592937469482,59,0.001148995022432616,11343697,3.051058753546378,4317
2025-11-21,0.9.32,2025-08-12T21:07:49.523+00:00,1653954,2.8135592937469482,59,0.001148995022432616,11343697,3.051058753546378,4317
2025-11-21,0.9.32,2025-08-12T21:07:49.523+00:00,1653954,2.8135592937469482,59,0.001148995022432616,11343697,3.051058753546378,4317
2025-11-22,0.9.32,2025-08-12T21:07:49.523+00:00,1654768,2.8135592937469482,59,0.001148356128202478,11343992,3.0510367328189676,4319
2025-11-22,0.9.32,2025-08-12T21:07:49.523+00:00,1654768,2.8135592937469482,59,0.001148356128202478,11343992,3.0510367328189676,4319
2025-11-22,0.9.32,2025-08-12T21:07:49.523+00:00,1654768,2.8135592937469482,59,0.001148356128202478,11343992,3.0510367328189676,4319
2025-11-23,0.9.32,2025-08-12T21:07:49.523+00:00,1655297,2.8135592937469482,59,0.0007854467590956244,11344244,3.051024299430677,4321
2025-11-23,0.9.32,2025-08-12T21:07:49.523+00:00,1655297,2.8135592937469482,59,0.0007854467590956244,11344244,3.051024299430677,4321
2025-11-23,0.9.32,2025-08-12T21:07:49.523+00:00,1655297,2.8135592937469482,59,0.0007854467590956244,11344244,3.051024299430677,4321
2025-11-24,0.9.32,2025-08-12T21:07:49.523+00:00,1656015,2.8135592937469482,59,0.0012683671645108451,11344578,3.0510372160072894,4322
2025-11-24,0.9.32,2025-08-12T21:07:49.523+00:00,1656015,2.8135592937469482,59,0.0012683671645108451,11344578,3.0510372160072894,4322
2025-11-24,0.9.32,2025-08-12T21:07:49.523+00:00,1656015,2.8135592937469482,59,0.0012683671645108451,11344578,3.0510372160072894,4322
2025-11-25,0.9.32,2025-08-12T21:07:49.523+00:00,1657167,2.8135592937469482,59,0.0022935959782398097,11344962,3.0510333933445084,4323
2025-11-25,0.9.32,2025-08-12T21:07:49.523+00:00,1657167,2.8135592937469482,59,0.0022935959782398097,11344962,3.0510333933445084,4323
2025-11-25,0.9.32,2025-08-12T21:07:49.523+00:00,1657167,2.8135592937469482,59,0.0022935959782398097,11344962,3.0510333933445084,4323
2025-11-26,0.9.32,2025-08-12T21:07:49.523+00:00,1658258,2.8135592937469482,59,0.002895239382011154,11345335,3.051055940439517,4418
2025-11-26,0.9.32,2025-08-12T21:07:49.523+00:00,1658258,2.8135592937469482,59,0.002895239382011154,11345335,3.051055940439517,4418
2025-11-26,0.9.32,2025-08-12T21:07:49.523+00:00,1658258,2.8135592937469482,59,0.002895239382011154,11345335,3.051055940439517,4418
2025-11-27,0.9.32,2025-08-12T21:07:49.523+00:00,1659287,2.8135592937469482,59,0.002230349266667189,11345668,3.051049070893892,4425
2025-11-27,0.9.32,2025-08-12T21:07:49.523+00:00,1659287,2.8135592937469482,59,0.002230349266667189,11345668,3.051049070893892,4425
2025-11-27,0.9.32,2025-08-12T21:07:49.523+00:00,1659287,2.8135592937469482,59,0.002230349266667189,11345668,3.051049070893892,4425
2025-11-28,0.9.32,2025-08-12T21:07:49.523+00:00,1660146,2.8135592937469482,59,0.0016869217774371803,11346012,3.05108953546052,4426
2025-11-28,0.9.32,2025-08-12T21:07:49.523+00:00,1660146,2.8135592937469482,59,0.0016869217774371803,11346012,3.05108953546052,4426
2025-11-28,0.9.32,2025-08-12T21:07:49.523+00:00,1660146,2.8135592937469482,59,0.0016869217774371803,11346012,3.05108953546052,4426
2025-11-29,0.9.32,2025-08-12T21:07:49.523+00:00,1660831,2.8135592937469482,59,0.0010237078699047951,11346281,3.051100915992759,4427
2025-11-29,0.9.32,2025-08-12T21:07:49.523+00:00,1660831,2.8135592937469482,59,0.0010237078699047951,11346281,3.051100915992759,4427
2025-11-29,0.9.32,2025-08-12T21:07:49.523+00:00,1660831,2.8135592937469482,59,0.0010237078699047951,11346281,3.051100915992759,4427
2025-11-30,0.9.32,2025-08-12T21:07:49.523+00:00,1661342,2.8135592937469482,59,0.0009029801958383448,11346533,3.0510885293053285,4433
2025-11-30,0.9.32,2025-08-12T21:07:49.523+00:00,1661342,2.8135592937469482,59,0.0009029801958383448,11346533,3.0510885293053285,4433
2025-11-30,0.9.32,2025-08-12T21:07:49.523+00:00,1661342,2.8135592937469482,59,0.0009029801958383448,11346533,3.0510885293053285,4433
2025-12-01,0.9.32,2025-08-12T21:07:49.523+00:00,1662049,2.8135592937469482,59,0.0021063045909014864,11346846,3.051091334926748,4435
2025-12-01,0.9.32,2025-08-12T21:07:49.523+00:00,1662049,2.8135592937469482,59,0.0021063045909014864,11346846,3.051091334926748,4435
2025-12-01,0.9.32,2025-08-12T21:07:49.523+00:00,1662049,2.8135592937469482,59,0.0021063045909014864,11346846,3.051091334926748,4435
2025-12-02,0.9.32,2025-08-12T21:07:49.523+00:00,1663299,2.8135592937469482,59,0.003006869494046098,11347246,3.0510882864357267,4437
2025-12-02,0.9.32,2025-08-12T21:07:49.523+00:00,1663299,2.8135592937469482,59,0.003006869494046098,11347246,3.0510882864357267,4437
2025-12-02,0.9.32,2025-08-12T21:07:49.523+00:00,1663299,2.8135592937469482,59,0.003006869494046098,11347246,3.0510882864357267,4437
2025-12-03,0.9.32,2025-08-12T21:07:49.523+00:00,1664501,2.8135592937469482,59,0.0023436795769357895,11347613,3.0510932011274345,4439
2025-12-03,0.9.32,2025-08-12T21:07:49.523+00:00,1664501,2.8135592937469482,59,0.0023436795769357895,11347613,3.0510932011274345,4439
2025-12-03,0.9.32,2025-08-12T21:07:49.523+00:00,1664501,2.8135592937469482,59,0.0023436795769357895,11347613,3.0510932011274345,4439
2025-12-04,0.9.32,2025-08-12T21:07:49.523+00:00,1665740,2.8135592937469482,59,0.0025220393209949565,11347957,3.0510776852177663,4449
2025-12-04,0.9.32,2025-08-12T21:07:49.523+00:00,1665740,2.8135592937469482,59,0.0025220393209949565,11347957,3.0510776852177663,4449
2025-12-04,0.9.32,2025-08-12T21:07:49.523+00:00,1665740,2.8135592937469482,59,0.0025220393209949565,11347957,3.0510776852177663,4449
2025-12-05,0.9.32,2025-08-12T21:07:49.523+00:00,1666869,2.8135592937469482,59,0.002160214725343699,11348278,3.0511142150668906,4455
2025-12-05,0.9.32,2025-08-12T21:07:49.523+00:00,1666869,2.8135592937469482,59,0.002160214725343699,11348278,3.0511142150668906,4455
2025-12-05,0.9.32,2025-08-12T21:07:49.523+00:00,1666869,2.8135592937469482,59,0.002160214725343699,11348278,3.0511142150668906,4455
2025-12-06,0.9.32,2025-08-12T21:07:49.523+00:00,1667752,2.8135592937469482,59,0.0012593612519729992,11348593,3.051158619282763,4457
2025-12-06,0.9.32,2025-08-12T21:07:49.523+00:00,1667752,2.8135592937469482,59,0.0012593612519729992,11348593,3.051158619282763,4457
2025-12-06,0.9.32,2025-08-12T21:07:49.523+00:00,1667752,2.8135592937469482,59,0.0012593612519729992,11348593,3.051158619282763,4457
2025-12-07,0.9.32,2025-08-12T21:07:49.523+00:00,1668325,2.8135592937469482,59,0.0011390088345122075,11348838,3.051167564457784,4458
2025-12-07,0.9.32,2025-08-12T21:07:49.523+00:00,1668325,2.8135592937469482,59,0.0011390088345122075,11348838,3.051167564457784,4458
2025-12-07,0.9.32,2025-08-12T21:07:49.523+00:00,1668325,2.8135592937469482,59,0.0011390088345122075,11348838,3.051167564457784,4458
2025-12-08,0.9.32,2025-08-12T21:07:49.523+00:00,1669077,2.8135592937469482,59,0.0013783308413511238,11349106,3.0511619484686374,4474
2025-12-08,0.9.32,2025-08-12T21:07:49.523+00:00,1669077,2.8135592937469482,59,0.0013783308413511238,11349106,3.0511619484686374,4474
2025-12-08,0.9.32,2025-08-12T21:07:49.523+00:00,1669077,2.8135592937469482,59,0.0013783308413511238,11349106,3.0511619484686374,4474
2025-12-09,0.9.32,2025-08-12T21:07:49.523+00:00,1670245,2.8135592937469482,59,0.002096028026889045,11349462,3.0511823154090227,4475
2025-12-09,0.9.32,2025-08-12T21:07:49.523+00:00,1670245,2.8135592937469482,59,0.002096028026889045,11349462,3.0511823154090227,4475
2025-12-09,0.9.32,2025-08-12T21:07:49.523+00:00,1670245,2.8135592937469482,59,0.002096028026889045,11349462,3.0511823154090227,4475
2025-12-10,0.9.32,2025-08-12T21:07:49.523+00:00,1671360,2.8135592937469482,59,0.0021544204818361406,11349816,3.0511324232529224,4476
2025-12-10,0.9.32,2025-08-12T21:07:49.523+00:00,1671360,2.8135592937469482,59,0.0021544204818361406,11349816,3.0511324232529224,4476
2025-12-10,0.9.32,2025-08-12T21:07:49.523+00:00,1671360,2.8135592937469482,59,0.0021544204818361406,11349816,3.0511324232529224,4476
2025-12-11,0.9.32,2025-08-12T21:07:49.523+00:00,1672450,2.8135592937469482,59,0.002033429582333564,11350188,3.0509972399233716,4478
2025-12-11,0.9.32,2025-08-12T21:07:49.523+00:00,1672450,2.8135592937469482,59,0.002033429582333564,11350188,3.0509972399233716,4478
2025-12-11,0.9.32,2025-08-12T21:07:49.523+00:00,1672450,2.8135592937469482,59,0.002033429582333564,11350188,3.0509972399233716,4478
2025-12-12,0.9.32,2025-08-12T21:07:49.523+00:00,1673585,2.8135592937469482,59,0.0017332431250014942,11350499,3.0509584606752593,4486
2025-12-12,0.9.32,2025-08-12T21:07:49.523+00:00,1673585,2.8135592937469482,59,0.0017332431250014942,11350499,3.0509584606752593,4486
2025-12-12,0.9.32,2025-08-12T21:07:49.523+00:00,1673585,2.8135592937469482,59,0.0017332431250014942,11350499,3.0509584606752593,4486
2025-12-13,0.9.32,2025-08-12T21:07:49.523+00:00,1674427,2.8135592937469482,59,0.002210029232116384,11350744,3.050901495071551,4487
2025-12-13,0.9.32,2025-08-12T21:07:49.523+00:00,1674427,2.8135592937469482,59,0.002210029232116384,11350744,3.050901495071551,4487
2025-12-13,0.9.32,2025-08-12T21:07:49.523+00:00,1674427,2.8135592937469482,59,0.002210029232116384,11350744,3.050901495071551,4487
2025-12-14,0.9.32,2025-08-12T21:07:49.523+00:00,1674986,2.8135592937469482,59,0.0011941909774094892,11350956,3.050893549554063,4490
2025-12-14,0.9.32,2025-08-12T21:07:49.523+00:00,1674986,2.8135592937469482,59,0.0011941909774094892,11350956,3.050893549554063,4490
2025-12-14,0.9.32,2025-08-12T21:07:49.523+00:00,1674986,2.8135592937469482,59,0.0011941909774094892,11350956,3.050893549554063,4490
2025-12-15,0.9.32,2025-08-12T21:07:49.523+00:00,1675704,2.8135592937469482,59,0.0013728753262071155,11351177,3.0508958596131093,4491
2025-12-15,0.9.32,2025-08-12T21:07:49.523+00:00,1675704,2.8135592937469482,59,0.0013728753262071155,11351177,3.0508958596131093,4491
2025-12-15,0.9.32,2025-08-12T21:07:49.523+00:00,1675704,2.8135592937469482,59,0.0013728753262071155,11351177,3.0508958596131093,4491
2025-12-16,0.9.32,2025-08-12T21:07:49.523+00:00,1676809,2.8135592937469482,59,0.0019684745813263343,11351459,3.050881762445911,4491
2025-12-16,0.9.32,2025-08-12T21:07:49.523+00:00,1676809,2.8135592937469482,59,0.0019684745813263343,11351459,3.050881762445911,4491
2025-12-16,0.9.32,2025-08-12T21:07:49.523+00:00,1676809,2.8135592937469482,59,0.0019684745813263343,11351459,3.050881762445911,4491
2025-12-17,0.9.32,2025-08-12T21:07:49.523+00:00,1677943,2.8135592937469482,59,0.002145986706804566,11351706,3.050892611621171,4493
2025-12-17,0.9.32,2025-08-12T21:07:49.523+00:00,1677943,2.8135592937469482,59,0.002145986706804566,11351706,3.050892611621171,4493
2025-12-17,0.9.32,2025-08-12T21:07:49.523+00:00,1677943,2.8135592937469482,59,0.002145986706804566,11351706,3.050892611621171,4493
2025-12-18,0.9.32,2025-08-12T21:07:49.523+00:00,1678991,2.8135592937469482,59,0.0017871652937265733,11351990,3.0508663983560558,4494
2025-12-18,0.9.32,2025-08-12T21:07:49.523+00:00,1678991,2.8135592937469482,59,0.0017871652937265733,11351990,3.0508663983560558,4494
2025-12-18,0.9.32,2025-08-12T21:07:49.523+00:00,1678991,2.8135592937469482,59,0.0017871652937265733,11351990,3.0508663983560558,4494
2025-12-19,0.9.32,2025-08-12T21:07:49.523+00:00,1679980,2.8135592937469482,59,0.002262378784126198,11352262,3.050870289784081,4501
2025-12-19,0.9.32,2025-08-12T21:07:49.523+00:00,1679980,2.8135592937469482,59,0.002262378784126198,11352262,3.050870289784081,4501
2025-12-19,0.9.32,2025-08-12T21:07:49.523+00:00,1679980,2.8135592937469482,59,0.002262378784126198,11352262,3.050870289784081,4501
2025-12-20,0.9.32,2025-08-12T21:07:49.523+00:00,1680705,2.8135592937469482,59,0.000654570598711924,11352485,3.05088163821033,4503
2025-12-20,0.9.32,2025-08-12T21:07:49.523+00:00,1680705,2.8135592937469482,59,0.000654570598711924,11352485,3.05088163821033,4503
2025-12-20,0.9.32,2025-08-12T21:07:49.523+00:00,1680705,2.8135592937469482,59,0.000654570598711924,11352485,3.05088163821033,4503
2025-12-21,0.9.32,2025-08-12T21:07:49.523+00:00,1681252,2.8135592937469482,59,0.00047589332613148094,11352665,3.050875416004562,4505
2025-12-21,0.9.32,2025-08-12T21:07:49.523+00:00,1681252,2.8135592937469482,59,0.00047589332613148094,11352665,3.050875416004562,4505
2025-12-21,0.9.32,2025-08-12T21:07:49.523+00:00,1681252,2.8135592937469482,59,0.00047589332613148094,11352665,3.050875416004562,4505
2025-12-22,0.9.32,2025-08-12T21:07:49.523+00:00,1681903,2.8135592937469482,59,0.001248829222603809,11352901,3.0508737048601944,4517
2025-12-22,0.9.32,2025-08-12T21:07:49.523+00:00,1681903,2.8135592937469482,59,0.001248829222603809,11352901,3.0508737048601944,4517
2025-12-22,0.9.32,2025-08-12T21:07:49.523+00:00,1681903,2.8135592937469482,59,0.001248829222603809,11352901,3.0508737048601944,4517
2025-12-23,0.9.32,2025-08-12T21:07:49.523+00:00,1682800,2.8135592937469482,59,0.0021397099860859413,11353155,3.050872782067955,4522
2025-12-23,0.9.32,2025-08-12T21:07:49.523+00:00,1682800,2.8135592937469482,59,0.0021397099860859413,11353155,3.050872782067955,4522
2025-12-23,0.9.32,2025-08-12T21:07:49.523+00:00,1682800,2.8135592937469482,59,0.0021397099860859413,11353155,3.050872782067955,4522
2025-12-24,0.9.32,2025-08-12T21:07:49.523+00:00,1683547,2.8135592937469482,59,0.001663415086224309,11353394,3.0508948299169867,4524
2025-12-24,0.9.32,2025-08-12T21:07:49.523+00:00,1683547,2.8135592937469482,59,0.001663415086224309,11353394,3.0508948299169867,4524
2025-12-24,0.9.32,2025-08-12T21:07:49.523+00:00,1683547,2.8135592937469482,59,0.001663415086224309,11353394,3.0508948299169867,4524
2025-12-25,0.9.32,2025-08-12T21:07:49.523+00:00,1684087,2.8135592937469482,59,0.000475096622775657,11353567,3.0509082150346045,4526
2025-12-25,0.9.32,2025-08-12T21:07:49.523+00:00,1684087,2.8135592937469482,59,0.000475096622775657,11353567,3.0509082150346045,4526
2025-12-25,0.9.32,2025-08-12T21:07:49.523+00:00,1684087,2.8135592937469482,59,0.000475096622775657,11353567,3.0509082150346045,4526
2025-12-26,0.9.32,2025-08-12T21:07:49.523+00:00,1684662,2.8135592937469482,59,0.0012467436243905798,11353742,3.0509195852035016,4528
2025-12-26,0.9.32,2025-08-12T21:07:49.523+00:00,1684662,2.8135592937469482,59,0.0012467436243905798,11353742,3.0509195852035016,4528
2025-12-26,0.9.32,2025-08-12T21:07:49.523+00:00,1684662,2.8135592937469482,59,0.0012467436243905798,11353742,3.0509195852035016,4528
2025-12-27,0.9.32,2025-08-12T21:07:49.523+00:00,1685245,2.8135592937469482,59,0.0008901902811398946,11353950,3.050910123800108,4528
2025-12-27,0.9.32,2025-08-12T21:07:49.523+00:00,1685245,2.8135592937469482,59,0.0008901902811398946,11353950,3.050910123800108,4528
2025-12-27,0.9.32,2025-08-12T21:07:49.523+00:00,1685245,2.8135592937469482,59,0.0008901902811398946,11353950,3.050910123800108,4528
2025-12-28,0.9.32,2025-08-12T21:07:49.523+00:00,1685694,2.8135592937469482,59,0.0007712771637884184,11354112,3.0508912353264472,4530
2025-12-28,0.9.32,2025-08-12T21:07:49.523+00:00,1685694,2.8135592937469482,59,0.0007712771637884184,11354112,3.0508912353264472,4530
2025-12-28,0.9.32,2025-08-12T21:07:49.523+00:00,1685694,2.8135592937469482,59,0.0007712771637884184,11354112,3.0508912353264472,4530
2025-12-29,0.9.32,2025-08-12T21:07:49.523+00:00,1686259,2.8135592937469482,59,0.0005931215691624234,11354327,3.0508979164649173,4533
2025-12-29,0.9.32,2025-08-12T21:07:49.523+00:00,1686259,2.8135592937469482,59,0.0005931215691624234,11354327,3.0508979164649173,4533
2025-12-29,0.9.32,2025-08-12T21:07:49.523+00:00,1686259,2.8135592937469482,59,0.0005931215691624234,11354327,3.0508979164649173,4533
2025-12-30,0.9.32,2025-08-12T21:07:49.523+00:00,1687033,2.8135592937469482,59,0.0007114083216988431,11354553,3.0508725065338522,4534
2025-12-30,0.9.32,2025-08-12T21:07:49.523+00:00,1687033,2.8135592937469482,59,0.0007114083216988431,11354553,3.0508725065338522,4534
2025-12-30,0.9.32,2025-08-12T21:07:49.523+00:00,1687033,2.8135592937469482,59,0.0007114083216988431,11354553,3.0508725065338522,4534
2025-12-31,0.9.32,2025-08-12T21:07:49.523+00:00,1687715,2.8135592937469482,59,0.0008889083790281624,11354777,3.050866811665494,4535
2025-12-31,0.9.32,2025-08-12T21:07:49.523+00:00,1687715,2.8135592937469482,59,0.0008889083790281624,11354777,3.050866811665494,4535
2025-12-31,0.9.32,2025-08-12T21:07:49.523+00:00,1687715,2.8135592937469482,59,0.0008889083790281624,11354777,3.050866811665494,4535
2026-01-01,0.9.32,2025-08-12T21:07:49.523+00:00,1688124,2.8135592937469482,59,0.0005331703017033014,11354912,3.050879315769929,4537
2026-01-01,0.9.32,2025-08-12T21:07:49.523+00:00,1688124,2.8135592937469482,59,0.0005331703017033014,11354912,3.050879315769929,4537
2026-01-01,0.9.32,2025-08-12T21:07:49.523+00:00,1688124,2.8135592937469482,59,0.0005331703017033014,11354912,3.050879315769929,4537
2026-01-02,0.9.32,2025-08-12T21:07:49.523+00:00,1688572,2.8135592937469482,59,0.0009476511577631879,11355085,3.0504716816143707,4539
2026-01-02,0.9.32,2025-08-12T21:07:49.523+00:00,1688572,2.8135592937469482,59,0.0009476511577631879,11355085,3.0504716816143707,4539
2026-01-02,0.9.32,2025-08-12T21:07:49.523+00:00,1688572,2.8135592937469482,59,0.0009476511577631879,11355085,3.0504716816143707,4539
2026-01-03,0.9.32,2025-08-12T21:07:49.523+00:00,1689162,2.8135592937469482,59,0.001006533587137685,11355248,3.0508767655072266,4541
2026-01-03,0.9.32,2025-08-12T21:07:49.523+00:00,1689162,2.8135592937469482,59,0.001006533587137685,11355248,3.0508767655072266,4541
2026-01-03,0.9.32,2025-08-12T21:07:49.523+00:00,1689162,2.8135592937469482,59,0.001006533587137685,11355248,3.0508767655072266,4541
2026-01-04,0.9.32,2025-08-12T21:07:49.523+00:00,1689656,2.8135592937469482,59,0.0007694743602264622,11355418,3.0508892702795007,4543
2026-01-04,0.9.32,2025-08-12T21:07:49.523+00:00,1689656,2.8135592937469482,59,0.0007694743602264622,11355418,3.0508892702795007,4543
2026-01-04,0.9.32,2025-08-12T21:07:49.523+00:00,1689656,2.8135592937469482,59,0.0007694743602264622,11355418,3.0508892702795007,4543
2026-01-05,0.9.32,2025-08-12T21:07:49.523+00:00,1690359,2.8135592937469482,59,0.0017751972983864048,11355645,3.0508959942025444,4545
2026-01-05,0.9.32,2025-08-12T21:07:49.523+00:00,1690359,2.8135592937469482,59,0.0017751972983864048,11355645,3.0508959942025444,4545
2026-01-05,0.9.32,2025-08-12T21:07:49.523+00:00,1690359,2.8135592937469482,59,0.0017751972983864048,11355645,3.0508959942025444,4545
2026-01-06,0.9.32,2025-08-12T21:07:49.523+00:00,1691615,2.8135592937469482,59,0.0017147952534467385,11355942,3.050914684424675,4548
2026-01-06,0.9.32,2025-08-12T21:07:49.523+00:00,1691615,2.8135592937469482,59,0.0017147952534467385,11355942,3.050914684424675,4548
2026-01-06,0.9.32,2025-08-12T21:07:49.523+00:00,1691615,2.8135592937469482,59,0.0017147952534467385,11355942,3.050914684424675,4548
2026-01-07,0.9.32,2025-08-12T21:07:49.523+00:00,1692766,2.8135592937469482,59,0.0020089967601972835,11356232,3.050926444123294,4550
2026-01-07,0.9.32,2025-08-12T21:07:49.523+00:00,1692766,2.8135592937469482,59,0.0020089967601972835,11356232,3.050926444123294,4550
2026-01-07,0.9.32,2025-08-12T21:07:49.523+00:00,1692766,2.8135592937469482,59,0.0020089967601972835,11356232,3.050926444123294,4550
2026-01-08,0.9.32,2025-08-12T21:07:49.523+00:00,1693957,2.8135592937469482,59,0.0021848152974862224,11356557,3.050938745929943,4552
2026-01-08,0.9.32,2025-08-12T21:07:49.523+00:00,1693957,2.8135592937469482,59,0.0021848152974862224,11356557,3.050938745929943,4552
2026-01-08,0.9.32,2025-08-12T21:07:49.523+00:00,1693957,2.8135592937469482,59,0.0021848152974862224,11356557,3.050938745929943,4552
2026-01-09,0.9.32,2025-08-12T21:07:49.523+00:00,1695099,2.8135592937469482,59,0.0018882665477058744,11356865,3.051127656743237,4554
2026-01-09,0.9.32,2025-08-12T21:07:49.523+00:00,1695099,2.8135592937469482,59,0.0018882665477058744,11356865,3.051127656743237,4554
2026-01-09,0.9.32,2025-08-12T21:07:49.523+00:00,1695099,2.8135592937469482,59,0.0018882665477058744,11356865,3.051127656743237,4554
2026-01-10,0.9.32,2025-08-12T21:07:49.523+00:00,1695960,2.8135592937469482,59,0.0013563464037949394,11357127,3.051121181378979,4561
2026-01-10,0.9.32,2025-08-12T21:07:49.523+00:00,1695960,2.8135592937469482,59,0.0013563464037949394,11357127,3.051121181378979,4561
2026-01-10,0.9.32,2025-08-12T21:07:49.523+00:00,1695960,2.8135592937469482,59,0.0013563464037949394,11357127,3.051121181378979,4561
2026-01-11,0.9.32,2025-08-12T21:07:49.523+00:00,1696475,2.8135592937469482,59,0.0005895187110291287,11357342,3.0511091066039997,4573
2026-01-11,0.9.32,2025-08-12T21:07:49.523+00:00,1696475,2.8135592937469482,59,0.0005895187110291287,11357342,3.0511091066039997,4573
2026-01-11,0.9.32,2025-08-12T21:07:49.523+00:00,1696475,2.8135592937469482,59,0.0005895187110291287,11357342,3.0511091066039997,4573
2026-01-12,0.9.32,2025-08-12T21:07:49.523+00:00,1697156,2.8135592937469482,59,0.001296559755492404,11357585,3.0511124397324405,4574
2026-01-12,0.9.32,2025-08-12T21:07:49.523+00:00,1697156,2.8135592937469482,59,0.001296559755492404,11357585,3.0511124397324405,4574
2026-01-12,0.9.32,2025-08-12T21:07:49.523+00:00,1697156,2.8135592937469482,59,0.001296559755492404,11357585,3.0511124397324405,4574
2026-01-13,0.9.32,2025-08-12T21:07:49.523+00:00,1698442,2.8135592937469482,59,0.00223796255888639,11357851,3.0513027780736843,4577
2026-01-13,0.9.32,2025-08-12T21:07:49.523+00:00,1698442,2.8135592937469482,59,0.00223796255888639,11357851,3.0513027780736843,4577
2026-01-13,0.9.32,2025-08-12T21:07:49.523+00:00,1698442,2.8135592937469482,59,0.00223796255888639,11357851,3.0513027780736843,4577
2026-01-14,0.9.32,2025-08-12T21:07:49.523+00:00,1699670,2.8135592937469482,59,0.0024716888638058243,11358145,3.051306522382378,4580
2026-01-14,0.9.32,2025-08-12T21:07:49.523+00:00,1699670,2.8135592937469482,59,0.0024716888638058243,11358145,3.051306522382378,4580
2026-01-14,0.9.32,2025-08-12T21:07:49.523+00:00,1699670,2.8135592937469482,59,0.0024716888638058243,11358145,3.051306522382378,4580
2026-01-15,0.9.32,2025-08-12T21:07:49.523+00:00,1700873,2.8135592937469482,59,0.0027051853698870526,11358428,3.051298372423314,4582
2026-01-15,0.9.32,2025-08-12T21:07:49.523+00:00,1700873,2.8135592937469482,59,0.0027051853698870526,11358428,3.051298372423314,4582
2026-01-15,0.9.32,2025-08-12T21:07:49.523+00:00,1700873,2.8135592937469482,59,0.0027051853698870526,11358428,3.051298372423314,4582
2026-01-16,0.9.32,2025-08-12T21:07:49.523+00:00,1701995,2.8135592937469482,59,0.0012341202515019538,11358659,3.051301993866544,4587
2026-01-16,0.9.32,2025-08-12T21:07:49.523+00:00,1701995,2.8135592937469482,59,0.0012341202515019538,11358659,3.051301993866544,4587
2026-01-16,0.9.32,2025-08-12T21:07:49.523+00:00,1701995,2.8135592937469482,59,0.0012341202515019538,11358659,3.051301993866544,4587
2026-01-17,0.9.32,2025-08-12T21:07:49.523+00:00,1702832,2.8135592937469482,59,0.0011746602295286087,11358872,3.0512890609344625,4589
2026-01-17,0.9.32,2025-08-12T21:07:49.523+00:00,1702832,2.8135592937469482,59,0.0011746602295286087,11358872,3.0512890609344625,4589
2026-01-17,0.9.32,2025-08-12T21:07:49.523+00:00,1702832,2.8135592937469482,59,0.0011746602295286087,11358872,3.0512890609344625,4589
2026-01-18,0.9.32,2025-08-12T21:07:49.523+00:00,1703359,2.8135592937469482,59,0.0008220101436051721,11359019,3.0513012158720607,4590
2026-01-18,0.9.32,2025-08-12T21:07:49.523+00:00,1703359,2.8135592937469482,59,0.0008220101436051721,11359019,3.0513012158720607,4590
2026-01-18,0.9.32,2025-08-12T21:07:49.523+00:00,1703359,2.8135592937469482,59,0.0008220101436051721,11359019,3.0513012158720607,4590
2026-01-19,0.9.32,2025-08-12T21:07:49.523+00:00,1704097,2.8135592937469482,59,0.0010565190748649416,11359277,3.0513085524065198,4593
2026-01-19,0.9.32,2025-08-12T21:07:49.523+00:00,1704097,2.8135592937469482,59,0.0010565190748649416,11359277,3.0513085524065198,4593
2026-01-19,0.9.32,2025-08-12T21:07:49.523+00:00,1704097,2.8135592937469482,59,0.0010565190748649416,11359277,3.0513085524065198,4593
2026-01-20,0.9.32,2025-08-12T21:07:49.523+00:00,1705212,2.8135592937469482,59,0.0018770640372127946,11359529,3.0513366936727246,4594
2026-01-20,0.9.32,2025-08-12T21:07:49.523+00:00,1705212,2.8135592937469482,59,0.0018770640372127946,11359529,3.0513366936727246,4594
2026-01-20,0.9.32,2025-08-12T21:07:49.523+00:00,1705212,2.8135592937469482,59,0.0018770640372127946,11359529,3.0513366936727246,4594
2026-01-21,0.9.32,2025-08-12T21:07:49.523+00:00,1706464,2.8135592937469482,59,0.0016412160942339388,11359804,3.051330865232026,4597
2026-01-21,0.9.32,2025-08-12T21:07:49.523+00:00,1706464,2.8135592937469482,59,0.0016412160942339388,11359804,3.051330865232026,4597
2026-01-21,0.9.32,2025-08-12T21:07:49.523+00:00,1706464,2.8135592937469482,59,0.0016412160942339388,11359804,3.051330865232026,4597
2026-01-22,0.9.33,2026-01-21T15:12:22.393+00:00,1707873,2.8135592937469482,59,0.0031042185744725465,11450169,3.0513441170064923,4607
2026-01-22,0.9.33,2026-01-21T15:12:22.393+00:00,1707873,2.8135592937469482,59,0.0031042185744725465,11450169,3.0513441170064923,4607
2026-01-22,0.9.33,2026-01-21T15:12:22.393+00:00,1707873,2.8135592937469482,59,0.0031042185744725465,11450169,3.0513441170064923,4607
2026-01-23,0.9.33,2026-01-21T15:12:22.393+00:00,1709115,2.8135592937469482,59,0.0022823982035770447,11479901,3.0513434513818516,4610
2026-01-23,0.9.33,2026-01-21T15:12:22.393+00:00,1709115,2.8135592937469482,59,0.0022823982035770447,11479901,3.0513434513818516,4610
2026-01-23,0.9.33,2026-01-21T15:12:22.393+00:00,1709115,2.8135592937469482,59,0.0022823982035770447,11479901,3.0513434513818516,4610
2026-01-24,0.9.33,2026-01-21T15:12:22.393+00:00,1710029,2.8135592937469482,59,0.0009357732060057924,11491386,3.05133470947767,4612
2026-01-24,0.9.33,2026-01-21T15:12:22.393+00:00,1710029,2.8135592937469482,59,0.0009357732060057924,11491386,3.05133470947767,4612
2026-01-24,0.9.33,2026-01-21T15:12:22.393+00:00,1710029,2.8135592937469482,59,0.0009357732060057924,11491386,3.05133470947767,4612
2026-01-25,0.9.33,2026-01-21T15:12:22.393+00:00,1710622,2.8135592937469482,59,0.0013446981766477375,11497909,3.05133927311391,4613
2026-01-25,0.9.33,2026-01-21T15:12:22.393+00:00,1710622,2.8135592937469482,59,0.0013446981766477375,11497909,3.05133927311391,4613
2026-01-25,0.9.33,2026-01-21T15:12:22.393+00:00,1710622,2.8135592937469482,59,0.0013446981766477375,11497909,3.05133927311391,4613
2026-01-26,0.9.33,2026-01-21T15:12:22.393+00:00,1711385,2.8135592937469482,59,0.001636446946389998,11505585,3.0513540441307376,4617
2026-01-26,0.9.33,2026-01-21T15:12:22.393+00:00,1711385,2.8135592937469482,59,0.001636446946389998,11505585,3.0513540441307376,4617
2026-01-26,0.9.33,2026-01-21T15:12:22.393+00:00,1711385,2.8135592937469482,59,0.001636446946389998,11505585,3.0513540441307376,4617
2026-01-27,0.9.33,2026-01-21T15:12:22.393+00:00,1712658,2.8135592937469482,59,0.0027449823766291033,11514458,3.0513768604811027,4629
2026-01-27,0.9.33,2026-01-21T15:12:22.393+00:00,1712658,2.8135592937469482,59,0.0027449823766291033,11514458,3.0513768604811027,4629
2026-01-27,0.9.33,2026-01-21T15:12:22.393+00:00,1712658,2.8135592937469482,59,0.0027449823766291033,11514458,3.0513768604811027,4629
2026-01-28,0.10.0,2026-01-27T19:28:15.267+00:00,1714072,2.8135592937469482,59,0.004026643541672259,11596132,3.0514047932855246,4640
2026-01-28,0.10.0,2026-01-27T19:28:15.267+00:00,1714072,2.8135592937469482,59,0.004026643541672259,11596132,3.0514047932855246,4640
2026-01-28,0.10.0,2026-01-27T19:28:15.267+00:00,1714072,2.8135592937469482,59,0.004026643541672259,11596132,3.0514047932855246,4640
2026-01-29,0.10.0,2026-01-27T19:28:15.267+00:00,1715337,2.8135592937469482,59,0.0029738996571268632,11634157,3.0514107772135897,4647
2026-01-29,0.10.0,2026-01-27T19:28:15.267+00:00,1715337,2.8135592937469482,59,0.0029738996571268632,11634157,3.0514107772135897,4647
2026-01-29,0.10.0,2026-01-27T19:28:15.267+00:00,1715337,2.8135592937469482,59,0.0029738996571268632,11634157,3.0514107772135897,4647
2026-01-30,0.10.0,2026-01-27T19:28:15.267+00:00,1716435,2.8135592937469482,59,0.0016899146476557095,11649340,3.051411964724597,4651
2026-01-30,0.10.0,2026-01-27T19:28:15.267+00:00,1716435,2.8135592937469482,59,0.0016899146476557095,11649340,3.051411964724597,4651
2026-01-30,0.10.0,2026-01-27T19:28:15.267+00:00,1716435,2.8135592937469482,59,0.0016899146476557095,11649340,3.051411964724597,4651
2026-01-31,0.10.0,2026-01-27T19:28:15.267+00:00,1717363,2.8135592937469482,59,0.0011064942476858254,11658146,3.051424184810468,4655
2026-01-31,0.10.0,2026-01-27T19:28:15.267+00:00,1717363,2.8135592937469482,59,0.0011064942476858254,11658146,3.051424184810468,4655
2026-01-31,0.10.0,2026-01-27T19:28:15.267+00:00,1717363,2.8135592937469482,59,0.0011064942476858254,11658146,3.051424184810468,4655
2026-02-01,0.10.0,2026-01-27T19:28:15.267+00:00,1717915,2.8135592937469482,59,0.0010479116866604337,11663971,3.05141528003473,4659
2026-02-01,0.10.0,2026-01-27T19:28:15.267+00:00,1717915,2.8135592937469482,59,0.0010479116866604337,11663971,3.05141528003473,4659
2026-02-01,0.10.0,2026-01-27T19:28:15.267+00:00,1717915,2.8135592937469482,59,0.0010479116866604337,11663971,3.05141528003473,4659
2026-02-02,0.10.0,2026-01-27T19:28:15.267+00:00,1718735,2.8135592937469482,59,0.0016295365132574437,11670847,3.051432796351764,4660
2026-02-02,0.10.0,2026-01-27T19:28:15.267+00:00,1718735,2.8135592937469482,59,0.0016295365132574437,11670847,3.051432796351764,4660
2026-02-02,0.10.0,2026-01-27T19:28:15.267+00:00,1718735,2.8135592937469482,59,0.0016295365132574437,11670847,3.051432796351764,4660
2026-02-03,0.10.0,2026-01-27T19:28:15.267+00:00,1720048,2.8135592937469482,59,0.002268040517671525,11678958,3.0514380653033406,4661
2026-02-03,0.10.0,2026-01-27T19:28:15.267+00:00,1720048,2.8135592937469482,59,0.002268040517671525,11678958,3.0514380653033406,4661
2026-02-03,0.10.0,2026-01-27T19:28:15.267+00:00,1720048,2.8135592937469482,59,0.002268040517671525,11678958,3.0514380653033406,4661
2026-02-04,0.10.0,2026-01-27T19:28:15.267+00:00,1721329,2.8135592937469482,59,0.001917634684781535,11685583,3.051430698187661,4662
2026-02-04,0.10.0,2026-01-27T19:28:15.267+00:00,1721329,2.8135592937469482,59,0.001917634684781535,11685583,3.051430698187661,4662
2026-02-04,0.10.0,2026-01-27T19:28:15.267+00:00,1721329,2.8135592937469482,59,0.001917634684781535,11685583,3.051430698187661,4662
2026-02-05,0.10.0,2026-01-27T19:28:15.267+00:00,1722670,2.8135592937469482,59,0.0031355916948627976,11691015,3.0514320513513025,4664
2026-02-05,0.10.0,2026-01-27T19:28:15.267+00:00,1722670,2.8135592937469482,59,0.0031355916948627976,11691015,3.0514320513513025,4664
2026-02-05,0.10.0,2026-01-27T19:28:15.267+00:00,1722670,2.8135592937469482,59,0.0031355916948627976,11691015,3.0514320513513025,4664
2026-02-06,0.10.0,2026-01-27T19:28:15.267+00:00,1723834,2.8135592937469482,59,0.0022048899817922506,11695684,3.0514246914033163,4665
2026-02-06,0.10.0,2026-01-27T19:28:15.267+00:00,1723834,2.8135592937469482,59,0.0022048899817922506,11695684,3.0514246914033163,4665
2026-02-06,0.10.0,2026-01-27T19:28:15.267+00:00,1723834,2.8135592937469482,59,0.0022048899817922506,11695684,3.0514246914033163,4665
2026-02-07,0.10.0,2026-01-27T19:28:15.267+00:00,1724763,2.8135592937469482,59,0.001507658907248824,11699205,3.051418527854965,4666
2026-02-07,0.10.0,2026-01-27T19:28:15.267+00:00,1724763,2.8135592937469482,59,0.001507658907248824,11699205,3.051418527854965,4666
2026-02-07,0.10.0,2026-01-27T19:28:15.267+00:00,1724763,2.8135592937469482,59,0.001507658907248824,11699205,3.051418527854965,4666
2026-02-08,0.10.0,2026-01-27T19:28:15.267+00:00,1725391,2.8135592937469482,59,0.0011013439294212438,11701792,3.0514093049744604,4666
2026-02-08,0.10.0,2026-01-27T19:28:15.267+00:00,1725391,2.8135592937469482,59,0.0011013439294212438,11701792,3.0514093049744604,4666
2026-02-08,0.10.0,2026-01-27T19:28:15.267+00:00,1725391,2.8135592937469482,59,0.0011013439294212438,11701792,3.0514093049744604,4666
2026-02-09,0.10.0,2026-01-27T19:28:15.267+00:00,1726202,2.8135592937469482,59,0.0011588828369451848,11704818,3.051396079751345,4668
2026-02-09,0.10.0,2026-01-27T19:28:15.267+00:00,1726202,2.8135592937469482,59,0.0011588828369451848,11704818,3.051396079751345,4668
2026-02-09,0.10.0,2026-01-27T19:28:15.267+00:00,1726202,2.8135592937469482,59,0.0011588828369451848,11704818,3.051396079751345,4668
2026-02-10,0.10.0,2026-01-27T19:28:15.267+00:00,1727485,2.8135592937469482,59,0.0016792309816958033,11708424,3.0514126870172493,4670
2026-02-10,0.10.0,2026-01-27T19:28:15.267+00:00,1727485,2.8135592937469482,59,0.0016792309816958033,11708424,3.0514126870172493,4670
2026-02-10,0.10.0,2026-01-27T19:28:15.267+00:00,1727485,2.8135592937469482,59,0.0016792309816958033,11708424,3.0514126870172493,4670
2026-02-11,0.10.0,2026-01-27T19:28:15.267+00:00,1728758,2.8135592937469482,59,0.0026614610032319394,11711826,3.0514030493335422,4672
2026-02-11,0.10.0,2026-01-27T19:28:15.267+00:00,1728758,2.8135592937469482,59,0.0026614610032319394,11711826,3.0514030493335422,4672
2026-02-11,0.10.0,2026-01-27T19:28:15.267+00:00,1728758,2.8135592937469482,59,0.0026614610032319394,11711826,3.0514030493335422,4672
2026-02-12,0.10.0,2026-01-27T19:28:15.267+00:00,1730082,2.8135592937469482,59,0.0035845754561805885,11714941,3.051411469194885,4674
2026-02-12,0.10.0,2026-01-27T19:28:15.267+00:00,1730082,2.8135592937469482,59,0.0035845754561805885,11714941,3.051411469194885,4674
2026-02-12,0.10.0,2026-01-27T19:28:15.267+00:00,1730082,2.8135592937469482,59,0.0035845754561805885,11714941,3.051411469194885,4674
2026-02-13,0.10.0,2026-01-27T19:28:15.267+00:00,1731285,2.8135592937469482,59,0.002542056593112644,11717762,3.0514007360467725,4678
2026-02-13,0.10.0,2026-01-27T19:28:15.267+00:00,1731285,2.8135592937469482,59,0.002542056593112644,11717762,3.0514007360467725,4678
2026-02-13,0.10.0,2026-01-27T19:28:15.267+00:00,1731285,2.8135592937469482,59,0.002542056593112644,11717762,3.0514007360467725,4678
2026-02-14,0.10.0,2026-01-27T19:28:15.267+00:00,1732202,2.8135592937469482,59,0.0009815406839952863,11719975,3.0514006438048535,4682
2026-02-14,0.10.0,2026-01-27T19:28:15.267+00:00,1732202,2.8135592937469482,59,0.0009815406839952863,11719975,3.0514006438048535,4682
2026-02-14,0.10.0,2026-01-27T19:28:15.267+00:00,1732202,2.8135592937469482,59,0.0009815406839952863,11719975,3.0514006438048535,4682
2026-02-15,0.10.0,2026-01-27T19:28:15.267+00:00,1732782,2.8135592937469482,59,0.000981203035726757,11721617,3.0514084634097594,4684
2026-02-15,0.10.0,2026-01-27T19:28:15.267+00:00,1732782,2.8135592937469482,59,0.000981203035726757,11721617,3.0514084634097594,4684
2026-02-15,0.10.0,2026-01-27T19:28:15.267+00:00,1732782,2.8135592937469482,59,0.000981203035726757,11721617,3.0514084634097594,4684
2026-02-16,0.10.0,2026-01-27T19:28:15.267+00:00,1733518,2.8135592937469482,59,0.0014424552665772729,11723630,3.0514104114256932,4686
2026-02-16,0.10.0,2026-01-27T19:28:15.267+00:00,1733518,2.8135592937469482,59,0.0014424552665772729,11723630,3.0514104114256932,4686
2026-02-16,0.10.0,2026-01-27T19:28:15.267+00:00,1733518,2.8135592937469482,59,0.0014424552665772729,11723630,3.0514104114256932,4686
2026-02-17,0.10.0,2026-01-27T19:28:15.267+00:00,1734606,2.8135592937469482,59,0.0015568985888155867,11725936,3.051417284271306,4687
2026-02-17,0.10.0,2026-01-27T19:28:15.267+00:00,1734606,2.8135592937469482,59,0.0015568985888155867,11725936,3.051417284271306,4687
2026-02-17,0.10.0,2026-01-27T19:28:15.267+00:00,1734606,2.8135592937469482,59,0.0015568985888155867,11725936,3.051417284271306,4687
2026-02-18,0.10.0,2026-01-27T19:28:15.267+00:00,1735833,2.8135592937469482,59,0.0023049666845877826,11728208,3.0515354129475503,4688
2026-02-18,0.10.0,2026-01-27T19:28:15.267+00:00,1735833,2.8135592937469482,59,0.0023049666845877826,11728208,3.0515354129475503,4688
2026-02-18,0.10.0,2026-01-27T19:28:15.267+00:00,1735833,2.8135592937469482,59,0.0023049666845877826,11728208,3.0515354129475503,4688
2026-02-19,0.10.0,2026-01-27T19:28:15.267+00:00,1737053,2.8135592937469482,59,0.003339817185317242,11730411,3.0515215755518623,4689
2026-02-19,0.10.0,2026-01-27T19:28:15.267+00:00,1737053,2.8135592937469482,59,0.003339817185317242,11730411,3.0515215755518623,4689
2026-02-19,0.10.0,2026-01-27T19:28:15.267+00:00,1737053,2.8135592937469482,59,0.003339817185317242,11730411,3.0515215755518623,4689
2026-02-20,0.10.0,2026-01-27T19:28:15.267+00:00,1738217,2.8135592937469482,59,0.002013986271518724,11732517,3.051506229912996,4689
2026-02-20,0.10.0,2026-01-27T19:28:15.267+00:00,1738217,2.8135592937469482,59,0.002013986271518724,11732517,3.051506229912996,4689
2026-02-20,0.10.0,2026-01-27T19:28:15.267+00:00,1738217,2.8135592937469482,59,0.002013986271518724,11732517,3.051506229912996,4689
2026-02-21,0.10.0,2026-01-27T19:28:15.267+00:00,1739172,2.8135592937469482,59,0.0015526735889072399,11734251,3.0514999090541624,4690
2026-02-21,0.10.0,2026-01-27T19:28:15.267+00:00,1739172,2.8135592937469482,59,0.0015526735889072399,11734251,3.0514999090541624,4690
2026-02-21,0.10.0,2026-01-27T19:28:15.267+00:00,1739172,2.8135592937469482,59,0.0015526735889072399,11734251,3.0514999090541624,4690
2026-02-22,0.10.0,2026-01-27T19:28:15.267+00:00,1739729,2.8135592937469482,59,0.0009197865635279333,11735544,3.051515590421543,4691
2026-02-22,0.10.0,2026-01-27T19:28:15.267+00:00,1739729,2.8135592937469482,59,0.0009197865635279333,11735544,3.051515590421543,4691
2026-02-22,0.10.0,2026-01-27T19:28:15.267+00:00,1739729,2.8135592937469482,59,0.0009197865635279333,11735544,3.051515590421543,4691
2026-02-23,0.10.0,2026-01-27T19:28:15.267+00:00,1740482,2.8135592937469482,59,0.0014366668409822433,11737149,3.051496013597804,4694
2026-02-23,0.10.0,2026-01-27T19:28:15.267+00:00,1740482,2.8135592937469482,59,0.0014366668409822433,11737149,3.051496013597804,4694
2026-02-23,0.10.0,2026-01-27T19:28:15.267+00:00,1740482,2.8135592937469482,59,0.0014366668409822433,11737149,3.051496013597804,4694
2026-02-24,0.10.0,2026-01-27T19:28:15.267+00:00,1741754,2.8135592937469482,59,0.0020673947724774624,11739109,3.051506231088223,4694
2026-02-24,0.10.0,2026-01-27T19:28:15.267+00:00,1741754,2.8135592937469482,59,0.0020673947724774624,11739109,3.051506231088223,4694
2026-02-24,0.10.0,2026-01-27T19:28:15.267+00:00,1741754,2.8135592937469482,59,0.0020673947724774624,11739109,3.051506231088223,4694
2026-02-25,0.10.0,2026-01-27T19:28:15.267+00:00,1743029,2.8135592937469482,59,0.0024102248625024105,11740962,3.051526085121672,4698
2026-02-25,0.10.0,2026-01-27T19:28:15.267+00:00,1743029,2.8135592937469482,59,0.0024102248625024105,11740962,3.051526085121672,4698
2026-02-25,0.10.0,2026-01-27T19:28:15.267+00:00,1743029,2.8135592937469482,59,0.0024102248625024105,11740962,3.051526085121672,4698
2026-02-26,0.10.0,2026-01-27T19:28:15.267+00:00,1744296,2.8135592937469482,59,0.003211237496243999,11742833,3.0515253304824745,4699
2026-02-26,0.10.0,2026-01-27T19:28:15.267+00:00,1744296,2.8135592937469482,59,0.003211237496243999,11742833,3.0515253304824745,4699
2026-02-26,0.10.0,2026-01-27T19:28:15.267+00:00,1744296,2.8135592937469482,59,0.003211237496243999,11742833,3.0515253304824745,4699
2026-02-27,0.10.0,2026-01-27T19:28:15.267+00:00,1745487,2.8135592937469482,59,0.0022921545851973804,11744602,3.0515353502950644,4704
2026-02-27,0.10.0,2026-01-27T19:28:15.267+00:00,1745487,2.8135592937469482,59,0.0022921545851973804,11744602,3.0515353502950644,4704
2026-02-27,0.10.0,2026-01-27T19:28:15.267+00:00,1745487,2.8135592937469482,59,0.0022921545851973804,11744602,3.0515353502950644,4704
2026-02-28,0.10.0,2026-01-27T19:28:15.267+00:00,1746471,2.8135592937469482,59,0.001431663002563822,11746040,3.051544984407635,4706
2026-02-28,0.10.0,2026-01-27T19:28:15.267+00:00,1746471,2.8135592937469482,59,0.001431663002563822,11746040,3.051544984407635,4706
2026-02-28,0.10.0,2026-01-27T19:28:15.267+00:00,1746471,2.8135592937469482,59,0.001431663002563822,11746040,3.051544984407635,4706
2026-03-01,0.10.0,2026-01-27T19:28:15.267+00:00,1747032,2.8135592937469482,59,0.0013166941359595466,11747193,3.0515703772023333,4707
2026-03-01,0.10.0,2026-01-27T19:28:15.267+00:00,1747032,2.8135592937469482,59,0.0013166941359595466,11747193,3.0515703772023333,4707
2026-03-01,0.10.0,2026-01-27T19:28:15.267+00:00,1747032,2.8135592937469482,59,0.0013166941359595466,11747193,3.0515703772023333,4707
2026-03-02,0.10.0,2026-01-27T19:28:15.267+00:00,1747825,2.8135592937469482,59,0.001201804767387826,11748531,3.0515720773526382,4708
2026-03-02,0.10.0,2026-01-27T19:28:15.267+00:00,1747825,2.8135592937469482,59,0.001201804767387826,11748531,3.0515720773526382,4708
2026-03-02,0.10.0,2026-01-27T19:28:15.267+00:00,1747825,2.8135592937469482,59,0.001201804767387826,11748531,3.0515720773526382,4708
2026-03-03,0.10.0,2026-01-27T19:28:15.267+00:00,1749349,2.8135592937469482,59,0.0036024764452363537,11750234,3.051582670337207,4710
2026-03-03,0.10.0,2026-01-27T19:28:15.267+00:00,1749349,2.8135592937469482,59,0.0036024764452363537,11750234,3.051582670337207,4710
2026-03-03,0.10.0,2026-01-27T19:28:15.267+00:00,1749349,2.8135592937469482,59,0.0036024764452363537,11750234,3.051582670337207,4710
2026-03-04,0.10.0,2026-01-27T19:28:15.267+00:00,1750733,2.8135592937469482,59,0.003313742260554983,11751751,3.051540885286513,4712
2026-03-04,0.10.0,2026-01-27T19:28:15.267+00:00,1750733,2.8135592937469482,59,0.003313742260554983,11751751,3.051540885286513,4712
2026-03-04,0.10.0,2026-01-27T19:28:15.267+00:00,1750733,2.8135592937469482,59,0.003313742260554983,11751751,3.051540885286513,4712
2026-03-05,0.10.0,2026-01-27T19:28:15.267+00:00,1752065,2.8135592937469482,59,0.002512030628504354,11753270,3.0515337945616263,4713
2026-03-05,0.10.0,2026-01-27T19:28:15.267+00:00,1752065,2.8135592937469482,59,0.002512030628504354,11753270,3.0515337945616263,4713
2026-03-05,0.10.0,2026-01-27T19:28:15.267+00:00,1752065,2.8135592937469482,59,0.002512030628504354,11753270,3.0515337945616263,4713
2026-03-06,0.10.0,2026-01-27T19:28:15.267+00:00,1753335,2.8135592937469482,59,0.0021678757327990472,11754660,3.051542483108778,4715
2026-03-06,0.10.0,2026-01-27T19:28:15.267+00:00,1753335,2.8135592937469482,59,0.0021678757327990472,11754660,3.051542483108778,4715
2026-03-06,0.10.0,2026-01-27T19:28:15.267+00:00,1753335,2.8135592937469482,59,0.0021678757327990472,11754660,3.051542483108778,4715
2026-03-07,0.10.0,2026-01-27T19:28:15.267+00:00,1754422,2.8135592937469482,59,0.00205227720108155,11755743,3.051535202479059,4716
2026-03-07,0.10.0,2026-01-27T19:28:15.267+00:00,1754422,2.8135592937469482,59,0.00205227720108155,11755743,3.051535202479059,4716
2026-03-07,0.10.0,2026-01-27T19:28:15.267+00:00,1754422,2.8135592937469482,59,0.00205227720108155,11755743,3.051535202479059,4716
2026-03-08,0.10.0,2026-01-27T19:28:15.267+00:00,1755176,2.8135592937469482,59,0.0014245761031347513,11756698,3.0515288178511333,4879
2026-03-08,0.10.0,2026-01-27T19:28:15.267+00:00,1755176,2.8135592937469482,59,0.0014245761031347513,11756698,3.0515288178511333,4879
2026-03-08,0.10.0,2026-01-27T19:28:15.267+00:00,1755176,2.8135592937469482,59,0.0014245761031347513,11756698,3.0515288178511333,4879
2026-03-09,0.10.0,2026-01-27T19:28:15.267+00:00,1756060,2.8135592937469482,59,0.0014809928804115338,11757830,3.051539959000194,4879
2026-03-09,0.10.0,2026-01-27T19:28:15.267+00:00,1756060,2.8135592937469482,59,0.0014809928804115338,11757830,3.051539959000194,4879
2026-03-09,0.10.0,2026-01-27T19:28:15.267+00:00,1756060,2.8135592937469482,59,0.0014809928804115338,11757830,3.051539959000194,4879
2026-03-10,0.10.0,2026-01-27T19:28:15.267+00:00,1757470,2.8135592937469482,59,0.0021059018183039297,11759188,3.051554608862701,4880
2026-03-10,0.10.0,2026-01-27T19:28:15.267+00:00,1757470,2.8135592937469482,59,0.0021059018183039297,11759188,3.051554608862701,4880
2026-03-10,0.10.0,2026-01-27T19:28:15.267+00:00,1757470,2.8135592937469482,59,0.0021059018183039297,11759188,3.051554608862701,4880
2026-03-11,0.10.0,2026-01-27T19:28:15.267+00:00,1758993,2.8135592937469482,59,0.0018767690681159115,11760501,3.0515617852154318,4880
2026-03-11,0.10.0,2026-01-27T19:28:15.267+00:00,1758993,2.8135592937469482,59,0.0018767690681159115,11760501,3.0515617852154318,4880
2026-03-11,0.10.0,2026-01-27T19:28:15.267+00:00,1758993,2.8135592937469482,59,0.0018767690681159115,11760501,3.0515617852154318,4880
2026-03-12,0.10.0,2026-01-27T19:28:15.267+00:00,1760800,2.8135592937469482,59,0.0029543440219985,11761627,3.051562951154229,4884
2026-03-12,0.10.0,2026-01-27T19:28:15.267+00:00,1760800,2.8135592937469482,59,0.0029543440219985,11761627,3.051562951154229,4884
2026-03-12,0.10.0,2026-01-27T19:28:15.267+00:00,1760800,2.8135592937469482,59,0.0029543440219985,11761627,3.051562951154229,4884
2026-03-13,0.10.0,2026-01-27T19:28:15.267+00:00,1762353,2.8135592937469482,59,0.0019298652897267027,11762751,3.0515475489421386,4888
2026-03-13,0.10.0,2026-01-27T19:28:15.267+00:00,1762353,2.8135592937469482,59,0.0019298652897267027,11762751,3.0515475489421386,4888
2026-03-13,0.10.0,2026-01-27T19:28:15.267+00:00,1762353,2.8135592937469482,59,0.0019298652897267027,11762751,3.0515475489421386,4888
2026-03-14,0.10.0,2026-01-27T19:28:15.267+00:00,1763546,2.8135592937469482,59,0.0011342922640133301,11763700,3.0515096095098118,4892
2026-03-14,0.10.0,2026-01-27T19:28:15.267+00:00,1763546,2.8135592937469482,59,0.0011342922640133301,11763700,3.0515096095098118,4892
2026-03-14,0.10.0,2026-01-27T19:28:15.267+00:00,1763546,2.8135592937469482,59,0.0011342922640133301,11763700,3.0515096095098118,4892
2026-03-15,0.10.0,2026-01-27T19:28:15.267+00:00,1764324,2.8135592937469482,59,0.0009070176522641711,11764501,3.051496197239341,4896
2026-03-15,0.10.0,2026-01-27T19:28:15.267+00:00,1764324,2.8135592937469482,59,0.0009070176522641711,11764501,3.051496197239341,4896
2026-03-15,0.10.0,2026-01-27T19:28:15.267+00:00,1764324,2.8135592937469482,59,0.0009070176522641711,11764501,3.051496197239341,4896
2026-03-16,0.10.0,2026-01-27T19:28:15.267+00:00,1765296,2.8135592937469482,59,0.0023798649823266694,11765456,3.051499772893719,4899
2026-03-16,0.10.0,2026-01-27T19:28:15.267+00:00,1765296,2.8135592937469482,59,0.0023798649823266694,11765456,3.051499772893719,4899
2026-03-16,0.10.0,2026-01-27T19:28:15.267+00:00,1765296,2.8135592937469482,59,0.0023798649823266694,11765456,3.051499772893719,4899
2026-03-17,0.10.1,2026-03-16T15:26:19.93+00:00,1767098,2.8135592937469482,59,0.0024343393570966368,11860945,3.051504921459007,4912
2026-03-17,0.10.1,2026-03-16T15:26:19.93+00:00,1767098,2.8135592937469482,59,0.0024343393570966368,11860945,3.051504921459007,4912
2026-03-17,0.10.1,2026-03-16T15:26:19.93+00:00,1767098,2.8135592937469482,59,0.0024343393570966368,11860945,3.051504921459007,4912
2026-03-18,0.10.1,2026-03-16T15:26:19.93+00:00,1768671,2.8135592937469482,59,0.0034499803747018026,11894124,3.051513082235387,5049
2026-03-18,0.10.1,2026-03-16T15:26:19.93+00:00,1768671,2.8135592937469482,59,0.0034499803747018026,11894124,3.051513082235387,5049
2026-03-18,0.10.1,2026-03-16T15:26:19.93+00:00,1768671,2.8135592937469482,59,0.0034499803747018026,11894124,3.051513082235387,5049
2026-03-19,0.10.1,2026-03-16T15:26:19.93+00:00,1770178,2.8135592937469482,59,0.0023167991103491413,11910289,3.0514969893173705,5053
2026-03-19,0.10.1,2026-03-16T15:26:19.93+00:00,1770178,2.8135592937469482,59,0.0023167991103491413,11910289,3.0514969893173705,5053
2026-03-19,0.10.1,2026-03-16T15:26:19.93+00:00,1770178,2.8135592937469482,59,0.0023167991103491413,11910289,3.0514969893173705,5053
2026-03-20,0.10.1,2026-03-16T15:26:19.93+00:00,1771523,2.8135592937469482,59,0.002314966427340544,11919981,3.051512352385653,5057
2026-03-20,0.10.1,2026-03-16T15:26:19.93+00:00,1771523,2.8135592937469482,59,0.002314966427340544,11919981,3.051512352385653,5057
2026-03-20,0.10.1,2026-03-16T15:26:19.93+00:00,1771523,2.8135592937469482,59,0.002314966427340544,11919981,3.051512352385653,5057
2026-03-21,0.10.1,2026-03-16T15:26:19.93+00:00,1772505,2.8135592937469482,59,0.0008463831508813388,11926522,3.051497898502552,5059
2026-03-21,0.10.1,2026-03-16T15:26:19.93+00:00,1772505,2.8135592937469482,59,0.0008463831508813388,11926522,3.051497898502552,5059
2026-03-21,0.10.1,2026-03-16T15:26:19.93+00:00,1772505,2.8135592937469482,59,0.0008463831508813388,11926522,3.051497898502552,5059
2026-03-22,0.10.1,2026-03-16T15:26:19.93+00:00,1773182,2.8135592937469482,59,0.001184477256344568,11931078,3.0514857983753965,5060
2026-03-22,0.10.1,2026-03-16T15:26:19.93+00:00,1773182,2.8135592937469482,59,0.001184477256344568,11931078,3.0514857983753965,5060
2026-03-22,0.10.1,2026-03-16T15:26:19.93+00:00,1773182,2.8135592937469482,59,0.001184477256344568,11931078,3.0514857983753965,5060
2026-03-23,0.10.1,2026-03-16T15:26:19.93+00:00,1774077,2.8135592937469482,59,0.0020297379157297925,11936933,3.051492626124803,5064
2026-03-23,0.10.1,2026-03-16T15:26:19.93+00:00,1774077,2.8135592937469482,59,0.0020297379157297925,11936933,3.051492626124803,5064
2026-03-23,0.10.1,2026-03-16T15:26:19.93+00:00,1774077,2.8135592937469482,59,0.0020297379157297925,11936933,3.051492626124803,5064
2026-03-24,0.10.1,2026-03-16T15:26:19.93+00:00,1775622,2.8135592937469482,59,0.002422420572772894,11943495,3.0515050577279315,5068
2026-03-24,0.10.1,2026-03-16T15:26:19.93+00:00,1775622,2.8135592937469482,59,0.002422420572772894,11943495,3.0515050577279315,5068
2026-03-24,0.10.1,2026-03-16T15:26:19.93+00:00,1775622,2.8135592937469482,59,0.002422420572772894,11943495,3.0515050577279315,5068
2026-03-27,0.10.2,2026-03-25T18:29:41.533+00:00,1780089,2.7833333015441895,60,0.0024163208424530717,12080697,3.022202889587638,5092
2026-03-27,0.10.2,2026-03-25T18:29:41.533+00:00,1780089,2.7833333015441895,60,0.0024163208424530717,12080697,3.022202889587638,5092
2026-03-27,0.10.2,2026-03-25T18:29:41.533+00:00,1780089,2.7833333015441895,60,0.0024163208424530717,12080697,3.022202889587638,5092
2026-03-28,0.10.2,2026-03-25T18:29:41.533+00:00,1781194,2.7833333015441895,60,0.0016283617950386623,12093205,3.0221946270271474,5093
2026-03-28,0.10.2,2026-03-25T18:29:41.533+00:00,1781194,2.7833333015441895,60,0.0016283617950386623,12093205,3.0221946270271474,5093
2026-03-28,0.10.2,2026-03-25T18:29:41.533+00:00,1781194,2.7833333015441895,60,0.0016283617950386623,12093205,3.0221946270271474,5093
2026-03-29,0.10.2,2026-03-25T18:29:41.533+00:00,1781853,2.7833333015441895,60,0.0014032385623428021,12100007,3.022185859154916,5095
2026-03-29,0.10.2,2026-03-25T18:29:41.533+00:00,1781853,2.7833333015441895,60,0.0014032385623428021,12100007,3.022185859154916,5095
2026-03-29,0.10.2,2026-03-25T18:29:41.533+00:00,1781853,2.7833333015441895,60,0.0014032385623428021,12100007,3.022185859154916,5095
2026-03-30,0.10.2,2026-03-25T18:29:41.533+00:00,1782903,2.7833333015441895,60,0.002412528992426903,12108669,3.0222151027436968,5097
2026-03-30,0.10.2,2026-03-25T18:29:41.533+00:00,1782903,2.7833333015441895,60,0.002412528992426903,12108669,3.0222151027436968,5097
2026-03-30,0.10.2,2026-03-25T18:29:41.533+00:00,1782903,2.7833333015441895,60,0.002412528992426903,12108669,3.0222151027436968,5097
2026-03-31,0.10.2,2026-03-25T18:29:41.533+00:00,1784388,2.7833333015441895,60,0.0023544369364066585,12117940,3.0222076530568547,5098
2026-03-31,0.10.2,2026-03-25T18:29:41.533+00:00,1784388,2.7833333015441895,60,0.0023544369364066585,12117940,3.0222076530568547,5098
2026-03-31,0.10.2,2026-03-25T18:29:41.533+00:00,1784388,2.7833333015441895,60,0.0023544369364066585,12117940,3.0222076530568547,5098
2026-04-01,0.10.2,2026-03-25T18:29:41.533+00:00,1785823,2.7833333015441895,60,0.002576630965390805,12125222,3.0222029771286447,5099
2026-04-01,0.10.2,2026-03-25T18:29:41.533+00:00,1785823,2.7833333015441895,60,0.002576630965390805,12125222,3.0222029771286447,5099
2026-04-01,0.10.2,2026-03-25T18:29:41.533+00:00,1785823,2.7833333015441895,60,0.002576630965390805,12125222,3.0222029771286447,5099
2026-04-02,0.10.2,2026-03-25T18:29:41.533+00:00,1787171,2.7833333015441895,60,0.0018470259523937457,12131160,3.0221836787704546,5103
2026-04-02,0.10.2,2026-03-25T18:29:41.533+00:00,1787171,2.7833333015441895,60,0.0018470259523937457,12131160,3.0221836787704546,5103
2026-04-02,0.10.2,2026-03-25T18:29:41.533+00:00,1787171,2.7833333015441895,60,0.0018470259523937457,12131160,3.0221836787704546,5103
2026-04-03,0.10.2,2026-03-25T18:29:41.533+00:00,1788460,2.7833333015441895,60,0.0016778523489932883,12135502,3.022140493929922,5109
2026-04-03,0.10.2,2026-03-25T18:29:41.533+00:00,1788460,2.7833333015441895,60,0.0016778523489932883,12135502,3.022140493929922,5109
2026-04-03,0.10.2,2026-03-25T18:29:41.533+00:00,1788460,2.7833333015441895,60,0.0016778523489932883,12135502,3.022140493929922,5109
2026-04-04,0.10.2,2026-03-25T18:29:41.533+00:00,1789270,2.7833333015441895,60,0.0017327903178384616,12138677,3.0221369360386308,5117
2026-04-04,0.10.2,2026-03-25T18:29:41.533+00:00,1789270,2.7833333015441895,60,0.0017327903178384616,12138677,3.0221369360386308,5117
2026-04-04,0.10.2,2026-03-25T18:29:41.533+00:00,1789270,2.7833333015441895,60,0.0017327903178384616,12138677,3.0221369360386308,5117
2026-04-05,0.10.2,2026-03-25T18:29:41.533+00:00,1789929,2.7833333015441895,60,0.0008381302320279735,12141110,3.022115899994026,5121
2026-04-05,0.10.2,2026-03-25T18:29:41.533+00:00,1789929,2.7833333015441895,60,0.0008381302320279735,12141110,3.022115899994026,5121
2026-04-05,0.10.2,2026-03-25T18:29:41.533+00:00,1789929,2.7833333015441895,60,0.0008381302320279735,12141110,3.022115899994026,5121
2026-04-06,0.10.2,2026-03-25T18:29:41.533+00:00,1790703,2.7833333015441895,60,0.0012846836661967332,12144067,3.022124994414689,5122
2026-04-06,0.10.2,2026-03-25T18:29:41.533+00:00,1790703,2.7833333015441895,60,0.0012846836661967332,12144067,3.022124994414689,5122
2026-04-06,0.10.2,2026-03-25T18:29:41.533+00:00,1790703,2.7833333015441895,60,0.0012846836661967332,12144067,3.022124994414689,5122
2026-04-07,0.10.2,2026-03-25T18:29:41.533+00:00,1791955,2.7833333015441895,60,0.0021212151660185796,12148150,3.0221253004703055,5126
2026-04-07,0.10.2,2026-03-25T18:29:41.533+00:00,1791955,2.7833333015441895,60,0.0021212151660185796,12148150,3.0221253004703055,5126
2026-04-07,0.10.2,2026-03-25T18:29:41.533+00:00,1791955,2.7833333015441895,60,0.0021212151660185796,12148150,3.0221253004703055,5126
2026-04-08,0.10.2,2026-03-25T18:29:41.533+00:00,1793299,2.7833333015441895,60,0.0021754045415753277,12151934,3.0221365045533473,5127
2026-04-08,0.10.2,2026-03-25T18:29:41.533+00:00,1793299,2.7833333015441895,60,0.0021754045415753277,12151934,3.0221365045533473,5127
2026-04-08,0.10.2,2026-03-25T18:29:41.533+00:00,1793299,2.7833333015441895,60,0.0021754045415753277,12151934,3.0221365045533473,5127
2026-04-09,0.10.2,2026-03-25T18:29:41.533+00:00,1794537,2.7833333015441895,60,0.0021738233762932857,12155335,3.022132047322684,5130
2026-04-09,0.10.2,2026-03-25T18:29:41.533+00:00,1794537,2.7833333015441895,60,0.0021738233762932857,12155335,3.022132047322684,5130
2026-04-09,0.10.2,2026-03-25T18:29:41.533+00:00,1794537,2.7833333015441895,60,0.0021738233762932857,12155335,3.022132047322684,5130
2026-04-10,0.10.2,2026-03-25T18:29:41.533+00:00,1795814,2.7833333015441895,60,0.0016710140883197785,12158467,3.022114334490224,5135
2026-04-10,0.10.2,2026-03-25T18:29:41.533+00:00,1795814,2.7833333015441895,60,0.0016710140883197785,12158467,3.022114334490224,5135
2026-04-10,0.10.2,2026-03-25T18:29:41.533+00:00,1795814,2.7833333015441895,60,0.0016710140883197785,12158467,3.022114334490224,5135
2026-04-11,0.10.2,2026-03-25T18:29:41.533+00:00,1796716,2.7833333015441895,60,0.0010019565985800048,12160815,3.022107034799096,5138
2026-04-11,0.10.2,2026-03-25T18:29:41.533+00:00,1796716,2.7833333015441895,60,0.0010019565985800048,12160815,3.022107034799096,5138
2026-04-11,0.10.2,2026-03-25T18:29:41.533+00:00,1796716,2.7833333015441895,60,0.0010019565985800048,12160815,3.022107034799096,5138
2026-04-12,0.10.2,2026-03-25T18:29:41.533+00:00,1797324,2.7833333015441895,60,0.0006677465612443235,12162561,3.0221102993537556,5140
2026-04-12,0.10.2,2026-03-25T18:29:41.533+00:00,1797324,2.7833333015441895,60,0.0006677465612443235,12162561,3.0221102993537556,5140
2026-04-12,0.10.2,2026-03-25T18:29:41.533+00:00,1797324,2.7833333015441895,60,0.0006677465612443235,12162561,3.0221102993537556,5140
2026-04-13,0.10.2,2026-03-25T18:29:41.533+00:00,1798229,2.7833333015441895,60,0.001501915777013346,12164879,3.022117324029435,5143
2026-04-13,0.10.2,2026-03-25T18:29:41.533+00:00,1798229,2.7833333015441895,60,0.001501915777013346,12164879,3.022117324029435,5143
2026-04-13,0.10.2,2026-03-25T18:29:41.533+00:00,1798229,2.7833333015441895,60,0.001501915777013346,12164879,3.022117324029435,5143
2026-04-16,0.10.2,2026-03-25T18:29:41.533+00:00,1802276,2.7833333015441895,60,0.0020535442230748438,12172483,3.022114322435283,5147
2026-04-16,0.10.2,2026-03-25T18:29:41.533+00:00,1802276,2.7833333015441895,60,0.0020535442230748438,12172483,3.022114322435283,5147
2026-04-16,0.10.2,2026-03-25T18:29:41.533+00:00,1802276,2.7833333015441895,60,0.0020535442230748438,12172483,3.022114322435283,5147
2026-04-17,0.10.2,2026-03-25T18:29:41.533+00:00,1803532,2.7833333015441895,60,0.0011647105999202452,12174518,3.022115857332765,5150
2026-04-17,0.10.2,2026-03-25T18:29:41.533+00:00,1803532,2.7833333015441895,60,0.0011647105999202452,12174518,3.022115857332765,5150
2026-04-17,0.10.2,2026-03-25T18:29:41.533+00:00,1803532,2.7833333015441895,60,0.0011647105999202452,12174518,3.022115857332765,5150
2026-04-18,0.10.2,2026-03-25T18:29:41.533+00:00,1804531,2.7833333015441895,60,0.00094219625948085,12176289,3.02211110281077,5151
2026-04-18,0.10.2,2026-03-25T18:29:41.533+00:00,1804531,2.7833333015441895,60,0.00094219625948085,12176289,3.02211110281077,5151
2026-04-18,0.10.2,2026-03-25T18:29:41.533+00:00,1804531,2.7833333015441895,60,0.00094219625948085,12176289,3.02211110281077,5151
2026-04-19,0.10.2,2026-03-25T18:29:41.533+00:00,1805191,2.7833333015441895,60,0.002770113796274751,12177598,3.022095918981795,5155
2026-04-19,0.10.2,2026-03-25T18:29:41.533+00:00,1805191,2.7833333015441895,60,0.002770113796274751,12177598,3.022095918981795,5155
2026-04-19,0.10.2,2026-03-25T18:29:41.533+00:00,1805191,2.7833333015441895,60,0.002770113796274751,12177598,3.022095918981795,5155
2026-04-21,0.10.2,2026-03-25T18:29:41.533+00:00,1807322,2.7833333015441895,60,0.0021584645015607358,12181227,3.022077487322789,5157
2026-04-21,0.10.2,2026-03-25T18:29:41.533+00:00,1807322,2.7833333015441895,60,0.0021584645015607358,12181227,3.022077487322789,5157
2026-04-21,0.10.2,2026-03-25T18:29:41.533+00:00,1807322,2.7833333015441895,60,0.0021584645015607358,12181227,3.022077487322789,5157
2026-04-22,0.10.2,2026-03-25T18:29:41.533+00:00,1808514,2.7833333015441895,60,0.0017145524575620612,12183232,3.022074717549304,5160
2026-04-22,0.10.2,2026-03-25T18:29:41.533+00:00,1808514,2.7833333015441895,60,0.0017145524575620612,12183232,3.022074717549304,5160
2026-04-22,0.10.2,2026-03-25T18:29:41.533+00:00,1808514,2.7833333015441895,60,0.0017145524575620612,12183232,3.022074717549304,5160
2026-04-23,0.10.2,2026-03-25T18:29:41.533+00:00,1809746,2.7833333015441895,60,0.002155532145616698,12185081,3.021924030070962,5162
2026-04-23,0.10.2,2026-03-25T18:29:41.533+00:00,1809746,2.7833333015441895,60,0.002155532145616698,12185081,3.021924030070962,5162
2026-04-23,0.10.2,2026-03-25T18:29:41.533+00:00,1809746,2.7833333015441895,60,0.002155532145616698,12185081,3.021924030070962,5162
2026-04-24,0.10.2,2026-03-25T18:29:41.533+00:00,1810839,2.7833333015441895,60,0.0013809034312136097,12186768,3.0220727671245786,5164
2026-04-24,0.10.2,2026-03-25T18:29:41.533+00:00,1810839,2.7833333015441895,60,0.0013809034312136097,12186768,3.0220727671245786,5164
2026-04-24,0.10.2,2026-03-25T18:29:41.533+00:00,1810839,2.7833333015441895,60,0.0013809034312136097,12186768,3.0220727671245786,5164
2026-04-25,0.10.3,2026-04-24T13:41:20.013+00:00,1811776,2.7833333015441895,60,0.0015456257686728152,12264630,3.022063659679055,5178
2026-04-25,0.10.3,2026-04-24T13:41:20.013+00:00,1811776,2.7833333015441895,60,0.0015456257686728152,12264630,3.022063659679055,5178
2026-04-25,0.10.3,2026-04-24T13:41:20.013+00:00,1811776,2.7833333015441895,60,0.0015456257686728152,12264630,3.022063659679055,5178
2026-04-26,0.10.3,2026-04-24T13:41:20.013+00:00,1812396,2.7833333015441895,60,0.0007725574355066295,12283672,3.0220690308074443,5185
2026-04-26,0.10.3,2026-04-24T13:41:20.013+00:00,1812396,2.7833333015441895,60,0.0007725574355066295,12283672,3.0220690308074443,5185
2026-04-26,0.10.3,2026-04-24T13:41:20.013+00:00,1812396,2.7833333015441895,60,0.0007725574355066295,12283672,3.0220690308074443,5185
2026-04-27,0.10.3,2026-04-24T13:41:20.013+00:00,1813238,2.7833333015441895,60,0.0014894176873315097,12314311,3.022050659524934,5191
2026-04-27,0.10.3,2026-04-24T13:41:20.013+00:00,1813238,2.7833333015441895,60,0.0014894176873315097,12314311,3.022050659524934,5191
2026-04-27,0.10.3,2026-04-24T13:41:20.013+00:00,1813238,2.7833333015441895,60,0.0014894176873315097,12314311,3.022050659524934,5191
2026-04-29,0.10.3,2026-04-24T13:41:20.013+00:00,1815731,2.7833333015441895,60,0.0016526002839167286,12348238,3.02204061550299,5203
2026-04-29,0.10.3,2026-04-24T13:41:20.013+00:00,1815731,2.7833333015441895,60,0.0016526002839167286,12348238,3.02204061550299,5203
2026-04-29,0.10.3,2026-04-24T13:41:20.013+00:00,1815731,2.7833333015441895,60,0.0016526002839167286,12348238,3.02204061550299,5203
2026-04-30,0.10.3,2026-04-24T13:41:20.013+00:00,1816903,2.7833333015441895,60,0.0020368706620159955,12357351,3.022053141894812,5208
2026-04-30,0.10.3,2026-04-24T13:41:20.013+00:00,1816903,2.7833333015441895,60,0.0020368706620159955,12357351,3.022053141894812,5208
2026-04-30,0.10.3,2026-04-24T13:41:20.013+00:00,1816903,2.7833333015441895,60,0.0020368706620159955,12357351,3.022053141894812,5208
2026-05-01,0.10.3,2026-04-24T13:41:20.013+00:00,1817883,2.7833333015441895,60,0.0013754794921509638,12362840,3.022036929149752,5212
2026-05-01,0.10.3,2026-04-24T13:41:20.013+00:00,1817883,2.7833333015441895,60,0.0013754794921509638,12362840,3.022036929149752,5212
2026-05-01,0.10.3,2026-04-24T13:41:20.013+00:00,1817883,2.7833333015441895,60,0.0013754794921509638,12362840,3.022036929149752,5212
2026-05-02,0.10.3,2026-04-24T13:41:20.013+00:00,1818632,2.7833333015441895,60,0.0013198104092347134,12366751,3.022034273164841,5216
2026-05-02,0.10.3,2026-04-24T13:41:20.013+00:00,1818632,2.7833333015441895,60,0.0013198104092347134,12366751,3.022034273164841,5216
2026-05-02,0.10.3,2026-04-24T13:41:20.013+00:00,1818632,2.7833333015441895,60,0.0013198104092347134,12366751,3.022034273164841,5216
2026-05-03,0.10.3,2026-04-24T13:41:20.013+00:00,1819157,2.7833333015441895,60,0.0005497586559500379,12369667,3.022040042688654,5220
2026-05-03,0.10.3,2026-04-24T13:41:20.013+00:00,1819157,2.7833333015441895,60,0.0005497586559500379,12369667,3.022040042688654,5220
2026-05-03,0.10.3,2026-04-24T13:41:20.013+00:00,1819157,2.7833333015441895,60,0.0005497586559500379,12369667,3.022040042688654,5220
2026-05-06,0.10.3,2026-04-24T13:41:20.013+00:00,1821941,2.7833333015441895,60,0.0014822533105029725,12382368,3.022070285599991,5234
2026-05-06,0.10.3,2026-04-24T13:41:20.013+00:00,1821941,2.7833333015441895,60,0.0014822533105029725,12382368,3.022070285599991,5234
2026-05-06,0.10.3,2026-04-24T13:41:20.013+00:00,1821941,2.7833333015441895,60,0.0014822533105029725,12382368,3.022070285599991,5234
2026-05-07,0.10.3,2026-04-24T13:41:20.013+00:00,1823174,2.7833333015441895,60,0.0019202155908338784,12386335,3.0220610657765357,5234
2026-05-07,0.10.3,2026-04-24T13:41:20.013+00:00,1823174,2.7833333015441895,60,0.0019202155908338784,12386335,3.0220610657765357,5234
2026-05-07,0.10.3,2026-04-24T13:41:20.013+00:00,1823174,2.7833333015441895,60,0.0019202155908338784,12386335,3.0220610657765357,5234
2026-05-08,0.10.3,2026-04-24T13:41:20.013+00:00,1824395,2.7833333015441895,60,0.001973743725825066,12389764,3.022068032483384,5237
2026-05-08,0.10.3,2026-04-24T13:41:20.013+00:00,1824395,2.7833333015441895,60,0.001973743725825066,12389764,3.022068032483384,5237
2026-05-08,0.10.3,2026-04-24T13:41:20.013+00:00,1824395,2.7833333015441895,60,0.001973743725825066,12389764,3.022068032483384,5237
2026-05-09,0.10.3,2026-04-24T13:41:20.013+00:00,1825278,2.7833333015441895,60,0.0010410599524509564,12392251,3.02204815481279,5239
2026-05-09,0.10.3,2026-04-24T13:41:20.013+00:00,1825278,2.7833333015441895,60,0.0010410599524509564,12392251,3.02204815481279,5239
2026-05-09,0.10.3,2026-04-24T13:41:20.013+00:00,1825278,2.7833333015441895,60,0.0010410599524509564,12392251,3.02204815481279,5239
2026-05-10,0.10.3,2026-04-24T13:41:20.013+00:00,1825797,2.7833333015441895,60,0.0007668686452608066,12394030,3.0220416193858695,5239
2026-05-10,0.10.3,2026-04-24T13:41:20.013+00:00,1825797,2.7833333015441895,60,0.0007668686452608066,12394030,3.0220416193858695,5239
2026-05-10,0.10.3,2026-04-24T13:41:20.013+00:00,1825797,2.7833333015441895,60,0.0007668686452608066,12394030,3.0220416193858695,5239
2026-05-11,0.10.3,2026-04-24T13:41:20.013+00:00,1826500,2.7833333015441895,60,0.0010404698981106163,12396449,3.0220509157946527,5240
2026-05-11,0.10.3,2026-04-24T13:41:20.013+00:00,1826500,2.7833333015441895,60,0.0010404698981106163,12396449,3.0220509157946527,5240
2026-05-11,0.10.3,2026-04-24T13:41:20.013+00:00,1826500,2.7833333015441895,60,0.0010404698981106163,12396449,3.0220509157946527,5240
2026-05-14,0.10.3,2026-04-24T13:41:20.013+00:00,1829860,2.7833333015441895,60,0.0014758219371638747,12404564,3.022055068569625,5248
2026-05-14,0.10.3,2026-04-24T13:41:20.013+00:00,1829860,2.7833333015441895,60,0.0014758219371638747,12404564,3.022055068569625,5248
2026-05-14,0.10.3,2026-04-24T13:41:20.013+00:00,1829860,2.7833333015441895,60,0.0014758219371638747,12404564,3.022055068569625,5248
2026-05-15,0.10.3,2026-04-24T13:41:20.013+00:00,1830929,2.7833333015441895,60,0.001201804235922912,12406727,3.022057979808369,5249
2026-05-15,0.10.3,2026-04-24T13:41:20.013+00:00,1830929,2.7833333015441895,60,0.001201804235922912,12406727,3.022057979808369,5249
2026-05-15,0.10.3,2026-04-24T13:41:20.013+00:00,1830929,2.7833333015441895,60,0.001201804235922912,12406727,3.022057979808369,5249
2026-05-16,0.10.3,2026-04-24T13:41:20.013+00:00,1831742,2.7833333015441895,60,0.0011465911299710185,12408411,3.0220460623357317,5250
2026-05-16,0.10.3,2026-04-24T13:41:20.013+00:00,1831742,2.7833333015441895,60,0.0011465911299710185,12408411,3.0220460623357317,5250
2026-05-16,0.10.3,2026-04-24T13:41:20.013+00:00,1831742,2.7833333015441895,60,0.0011465911299710185,12408411,3.0220460623357317,5250
2026-05-17,0.10.3,2026-04-24T13:41:20.013+00:00,1832303,2.7833333015441895,60,0.0005458267993316896,12409740,3.0220252039495143,5251
2026-05-17,0.10.3,2026-04-24T13:41:20.013+00:00,1832303,2.7833333015441895,60,0.0005458267993316896,12409740,3.0220252039495143,5251
2026-05-17,0.10.3,2026-04-24T13:41:20.013+00:00,1832303,2.7833333015441895,60,0.0005458267993316896,12409740,3.0220252039495143,5251
2026-05-18,0.10.3,2026-04-24T13:41:20.013+00:00,1833286,2.7833333015441895,60,0.0016369728879093728,12411949,3.022020308647933,5252
2026-05-18,0.10.3,2026-04-24T13:41:20.013+00:00,1833286,2.7833333015441895,60,0.0016369728879093728,12411949,3.022020308647933,5252
2026-05-18,0.10.3,2026-04-24T13:41:20.013+00:00,1833286,2.7833333015441895,60,0.0016369728879093728,12411949,3.022020308647933,5252
2026-05-19,0.10.3,2026-04-24T13:41:20.013+00:00,1834157,2.7833333015441895,60,0.0017996086669153399,12413563,3.0220009309365357,5255
2026-05-19,0.10.3,2026-04-24T13:41:20.013+00:00,1834157,2.7833333015441895,60,0.0017996086669153399,12413563,3.0220009309365357,5255
2026-05-19,0.10.3,2026-04-24T13:41:20.013+00:00,1834157,2.7833333015441895,60,0.0017996086669153399,12413563,3.0220009309365357,5255
2026-05-20,0.10.3,2026-04-24T13:41:20.013+00:00,1835519,2.7833333015441895,60,0.0017983837434829026,12415855,3.0219949878706087,5261
2026-05-20,0.10.3,2026-04-24T13:41:20.013+00:00,1835519,2.7833333015441895,60,0.0017983837434829026,12415855,3.0219949878706087,5261
2026-05-20,0.10.3,2026-04-24T13:41:20.013+00:00,1835519,2.7833333015441895,60,0.0017983837434829026,12415855,3.0219949878706087,5261
2026-05-21,0.10.4,2026-05-20T21:28:22.257+00:00,1837012,2.7833333015441895,60,0.002395979111418474,12496966,3.022002605933073,5273
2026-05-21,0.10.4,2026-05-20T21:28:22.257+00:00,1837012,2.7833333015441895,60,0.002395979111418474,12496966,3.022002605933073,5273
2026-05-21,0.10.4,2026-05-20T21:28:22.257+00:00,1837012,2.7833333015441895,60,0.002395979111418474,12496966,3.022002605933073,5273
2026-05-22,0.10.4,2026-05-20T21:28:22.257+00:00,1838205,2.819672107696533,61,0.0015236038891077558,12537850,3.049869929444884,5301
2026-05-22,0.10.4,2026-05-20T21:28:22.257+00:00,1838205,2.819672107696533,61,0.0015236038891077558,12537850,3.049869929444884,5301
2026-05-22,0.10.4,2026-05-20T21:28:22.257+00:00,1838205,2.819672107696533,61,0.0015236038891077558,12537850,3.049869929444884,5301
2026-05-23,0.10.4,2026-05-20T21:28:22.257+00:00,1839133,2.819672107696533,61,0.001468257895692784,12551561,3.0498716370710297,5309
2026-05-23,0.10.4,2026-05-20T21:28:22.257+00:00,1839133,2.819672107696533,61,0.001468257895692784,12551561,3.0498716370710297,5309
2026-05-23,0.10.4,2026-05-20T21:28:22.257+00:00,1839133,2.819672107696533,61,0.001468257895692784,12551561,3.0498716370710297,5309
2026-05-24,0.10.4,2026-05-20T21:28:22.257+00:00,1839639,2.819672107696533,61,0.000543643126556858,12558771,3.049884089815776,5314
2026-05-24,0.10.4,2026-05-20T21:28:22.257+00:00,1839639,2.819672107696533,61,0.000543643126556858,12558771,3.049884089815776,5314
2026-05-24,0.10.4,2026-05-20T21:28:22.257+00:00,1839639,2.819672107696533,61,0.000543643126556858,12558771,3.049884089815776,5314
2026-05-25,0.10.4,2026-05-20T21:28:22.257+00:00,1840308,2.819672107696533,61,0.0009239436742196345,12566907,3.0498902796434537,5318
2026-05-25,0.10.4,2026-05-20T21:28:22.257+00:00,1840308,2.819672107696533,61,0.0009239436742196345,12566907,3.0498902796434537,5318
2026-05-25,0.10.4,2026-05-20T21:28:22.257+00:00,1840308,2.819672107696533,61,0.0009239436742196345,12566907,3.0498902796434537,5318
2026-05-26,0.10.4,2026-05-20T21:28:22.257+00:00,1841216,2.819672107696533,61,0.0012494642243081634,12575527,3.0498929097427916,5324
2026-05-26,0.10.4,2026-05-20T21:28:22.257+00:00,1841216,2.819672107696533,61,0.0012494642243081634,12575527,3.0498929097427916,5324
2026-05-26,0.10.4,2026-05-20T21:28:22.257+00:00,1841216,2.819672107696533,61,0.0012494642243081634,12575527,3.0498929097427916,5324
2026-05-27,0.10.4,2026-05-20T21:28:22.257+00:00,1842589,2.819672107696533,61,0.0015201528839471855,12584951,3.0498958588166305,5334
2026-05-27,0.10.4,2026-05-20T21:28:22.257+00:00,1842589,2.819672107696533,61,0.0015201528839471855,12584951,3.0498958588166305,5334
2026-05-27,0.10.4,2026-05-20T21:28:22.257+00:00,1842589,2.819672107696533,61,0.0015201528839471855,12584951,3.0498958588166305,5334
2026-05-28,0.10.4,2026-05-20T21:28:22.257+00:00,1843728,2.819672107696533,61,0.00195326382246134,12591354,3.0498942949568684,5338
2026-05-28,0.10.4,2026-05-20T21:28:22.257+00:00,1843728,2.819672107696533,61,0.00195326382246134,12591354,3.0498942949568684,5338
2026-05-28,0.10.4,2026-05-20T21:28:22.257+00:00,1843728,2.819672107696533,61,0.00195326382246134,12591354,3.0498942949568684,5338
2026-05-29,0.10.4,2026-05-20T21:28:22.257+00:00,1844580,2.819672107696533,61,0.0015725112027867069,12595340,3.049889099302534,5342
2026-05-29,0.10.4,2026-05-20T21:28:22.257+00:00,1844580,2.819672107696533,61,0.0015725112027867069,12595340,3.049889099302534,5342
2026-05-29,0.10.4,2026-05-20T21:28:22.257+00:00,1844580,2.819672107696533,61,0.0015725112027867069,12595340,3.049889099302534,5342
2026-05-30,0.10.4,2026-05-20T21:28:22.257+00:00,1845454,2.819672107696533,61,0.0009754844499649638,12598836,3.049891568984538,5345
2026-05-30,0.10.4,2026-05-20T21:28:22.257+00:00,1845454,2.819672107696533,61,0.0009754844499649638,12598836,3.049891568984538,5345
2026-05-30,0.10.4,2026-05-20T21:28:22.257+00:00,1845454,2.819672107696533,61,0.0009754844499649638,12598836,3.049891568984538,5345
2026-05-31,0.10.4,2026-05-20T21:28:22.257+00:00,1845942,2.819672107696533,61,0.0005959536911475413,12601501,3.0498905564450354,5347
2026-05-31,0.10.4,2026-05-20T21:28:22.257+00:00,1845942,2.819672107696533,61,0.0005959536911475413,12601501,3.0498905564450354,5347
2026-05-31,0.10.4,2026-05-20T21:28:22.257+00:00,1845942,2.819672107696533,61,0.0005959536911475413,12601501,3.0498905564450354,5347
2026-06-01,0.10.4,2026-05-20T21:28:22.257+00:00,1846827,2.819672107696533,61,0.0010291281172426082,12605984,3.0498941300956637,5349
2026-06-01,0.10.4,2026-05-20T21:28:22.257+00:00,1846827,2.819672107696533,61,0.0010291281172426082,12605984,3.0498941300956637,5349
2026-06-01,0.10.4,2026-05-20T21:28:22.257+00:00,1846827,2.819672107696533,61,0.0010291281172426082,12605984,3.0498941300956637,5349
2026-06-02,0.10.4,2026-05-20T21:28:22.257+00:00,1847974,2.819672107696533,61,0.001894623221693111,12610100,3.0498816221760694,5351
2026-06-02,0.10.4,2026-05-20T21:28:22.257+00:00,1847974,2.819672107696533,61,0.001894623221693111,12610100,3.0498816221760694,5351
2026-06-02,0.10.4,2026-05-20T21:28:22.257+00:00,1847974,2.819672107696533,61,0.001894623221693111,12610100,3.0498816221760694,5351
2026-06-03,0.10.4,2026-05-20T21:28:22.257+00:00,1849077,2.819672107696533,61,0.0017852834218581445,12613658,3.0498715743984572,5351
2026-06-03,0.10.4,2026-05-20T21:28:22.257+00:00,1849077,2.819672107696533,61,0.0017852834218581445,12613658,3.0498715743984572,5351
2026-06-03,0.10.4,2026-05-20T21:28:22.257+00:00,1849077,2.819672107696533,61,0.0017852834218581445,12613658,3.0498715743984572,5351
2026-06-04,0.10.4,2026-05-20T21:28:22.257+00:00,1849978,2.819672107696533,61,0.001838281012611689,12616177,3.0498710523146944,5354
2026-06-04,0.10.4,2026-05-20T21:28:22.257+00:00,1849978,2.819672107696533,61,0.001838281012611689,12616177,3.0498710523146944,5354
2026-06-04,0.10.4,2026-05-20T21:28:22.257+00:00,1849978,2.819672107696533,61,0.001838281012611689,12616177,3.0498710523146944,5354
2026-06-05,0.10.4,2026-05-20T21:28:22.257+00:00,1851074,2.819672107696533,61,0.0011887618774872816,12618950,3.0498543143395285,5354
2026-06-05,0.10.4,2026-05-20T21:28:22.257+00:00,1851074,2.819672107696533,61,0.0011887618774872816,12618950,3.0498543143395285,5354
2026-06-05,0.10.4,2026-05-20T21:28:22.257+00:00,1851074,2.819672107696533,61,0.0011887618774872816,12618950,3.0498543143395285,5354
2026-06-06,0.10.4,2026-05-20T21:28:22.257+00:00,1851805,2.819672107696533,61,0.0008101114875429157,12621117,3.049827212668714,5356
2026-06-06,0.10.4,2026-05-20T21:28:22.257+00:00,1851805,2.819672107696533,61,0.0008101114875429157,12621117,3.049827212668714,5356
2026-06-06,0.10.4,2026-05-20T21:28:22.257+00:00,1851805,2.819672107696533,61,0.0008101114875429157,12621117,3.049827212668714,5356
2026-06-07,0.10.4,2026-05-20T21:28:22.257+00:00,1852320,2.819672107696533,61,0.0005399191956931725,12622763,3.0498271620626998,5356
2026-06-07,0.10.4,2026-05-20T21:28:22.257+00:00,1852320,2.819672107696533,61,0.0005399191956931725,12622763,3.0498271620626998,5356
2026-06-07,0.10.4,2026-05-20T21:28:22.257+00:00,1852320,2.819672107696533,61,0.0005399191956931725,12622763,3.0498271620626998,5356
2026-06-08,0.10.4,2026-05-20T21:28:22.257+00:00,1853245,2.819672107696533,61,0.0012954675369329699,12625443,3.0498233384869957,5357
2026-06-08,0.10.4,2026-05-20T21:28:22.257+00:00,1853245,2.819672107696533,61,0.0012954675369329699,12625443,3.0498233384869957,5357
2026-06-08,0.10.4,2026-05-20T21:28:22.257+00:00,1853245,2.819672107696533,61,0.0012954675369329699,12625443,3.0498233384869957,5357
2026-06-09,0.10.4,2026-05-20T21:28:22.257+00:00,1854140,2.819672107696533,61,0.0014025865854461143,12627427,3.049801194291269,5359
2026-06-09,0.10.4,2026-05-20T21:28:22.257+00:00,1854140,2.819672107696533,61,0.0014025865854461143,12627427,3.049801194291269,5359
2026-06-09,0.10.4,2026-05-20T21:28:22.257+00:00,1854140,2.819672107696533,61,0.0014025865854461143,12627427,3.049801194291269,5359
2026-06-10,0.10.4,2026-05-20T21:28:22.257+00:00,1855470,2.819672107696533,61,0.0010243327550345956,12630322,3.049772960974631,5360
2026-06-10,0.10.4,2026-05-20T21:28:22.257+00:00,1855470,2.819672107696533,61,0.0010243327550345956,12630322,3.049772960974631,5360
2026-06-10,0.10.4,2026-05-20T21:28:22.257+00:00,1855470,2.819672107696533,61,0.0010243327550345956,12630322,3.049772960974631,5360
2026-06-11,0.10.4,2026-05-20T21:28:22.257+00:00,1856521,2.819672107696533,61,0.0010776355598182028,12632577,3.049721148719801,5362
2026-06-11,0.10.4,2026-05-20T21:28:22.257+00:00,1856521,2.819672107696533,61,0.0010776355598182028,12632577,3.049721148719801,5362
2026-06-11,0.10.4,2026-05-20T21:28:22.257+00:00,1856521,2.819672107696533,61,0.0010776355598182028,12632577,3.049721148719801,5362
2026-06-12,0.10.4,2026-05-20T21:28:22.257+00:00,1857341,2.819672107696533,61,0.0013462980036016165,12634234,3.0497348289749033,5372
2026-06-12,0.10.4,2026-05-20T21:28:22.257+00:00,1857341,2.819672107696533,61,0.0013462980036016165,12634234,3.0497348289749033,5372
2026-06-12,0.10.4,2026-05-20T21:28:22.257+00:00,1857341,2.819672107696533,61,0.0013462980036016165,12634234,3.0497348289749033,5372
2026-06-13,0.10.4,2026-05-20T21:28:22.257+00:00,1858133,2.819672107696533,61,0.0015070397594764543,12635784,3.049707307762204,5381
2026-06-13,0.10.4,2026-05-20T21:28:22.257+00:00,1858133,2.819672107696533,61,0.0015070397594764543,12635784,3.049707307762204,5381
2026-06-13,0.10.4,2026-05-20T21:28:22.257+00:00,1858133,2.819672107696533,61,0.0015070397594764543,12635784,3.049707307762204,5381
2026-06-14,0.10.4,2026-05-20T21:28:22.257+00:00,1858552,2.819672107696533,61,0.0006995121709736887,12637002,3.0496965387698283,5383
2026-06-14,0.10.4,2026-05-20T21:28:22.257+00:00,1858552,2.819672107696533,61,0.0006995121709736887,12637002,3.0496965387698283,5383
2026-06-14,0.10.4,2026-05-20T21:28:22.257+00:00,1858552,2.819672107696533,61,0.0006995121709736887,12637002,3.0496965387698283,5383
2026-06-15,0.10.4,2026-05-20T21:28:22.257+00:00,1859377,2.819672107696533,61,0.0010221560391130697,12638968,3.0497022192128167,5394
2026-06-15,0.10.4,2026-05-20T21:28:22.257+00:00,1859377,2.819672107696533,61,0.0010221560391130697,12638968,3.0497022192128167,5394
2026-06-15,0.10.4,2026-05-20T21:28:22.257+00:00,1859377,2.819672107696533,61,0.0010221560391130697,12638968,3.0497022192128167,5394
2026-06-16,0.10.4,2026-05-20T21:28:22.257+00:00,1860405,2.819672107696533,61,0.001021621269939762,12640746,3.0496843312909787,5417
2026-06-16,0.10.4,2026-05-20T21:28:22.257+00:00,1860405,2.819672107696533,61,0.001021621269939762,12640746,3.0496843312909787,5417
2026-06-16,0.10.4,2026-05-20T21:28:22.257+00:00,1860405,2.819672107696533,61,0.001021621269939762,12640746,3.0496843312909787,5417
2026-06-17,0.10.4,2026-05-20T21:28:22.257+00:00,1861383,2.819672107696533,61,0.001074792672493476,12642451,3.0496939169754853,5422
2026-06-17,0.10.4,2026-05-20T21:28:22.257+00:00,1861383,2.819672107696533,61,0.001074792672493476,12642451,3.0496939169754853,5422
2026-06-17,0.10.4,2026-05-20T21:28:22.257+00:00,1861383,2.819672107696533,61,0.001074792672493476,12642451,3.0496939169754853,5422
2026-06-18,0.10.4,2026-05-20T21:28:22.257+00:00,1862133,2.819672107696533,61,0.0015039306301254493,12643722,3.0496940635209016,5425
2026-06-18,0.10.4,2026-05-20T21:28:22.257+00:00,1862133,2.819672107696533,61,0.0015039306301254493,12643722,3.0496940635209016,5425
2026-06-18,0.10.4,2026-05-20T21:28:22.257+00:00,1862133,2.819672107696533,61,0.0015039306301254493,12643722,3.0496940635209016,5425
2026-06-19,0.10.4,2026-05-20T21:28:22.257+00:00,1863061,2.819672107696533,61,0.0009663355535787431,12645220,3.0496698293660156,5427
2026-06-19,0.10.4,2026-05-20T21:28:22.257+00:00,1863061,2.819672107696533,61,0.0009663355535787431,12645220,3.0496698293660156,5427
2026-06-19,0.10.4,2026-05-20T21:28:22.257+00:00,1863061,2.819672107696533,61,0.0009663355535787431,12645220,3.0496698293660156,5427
2026-06-20,0.10.4,2026-05-20T21:28:22.257+00:00,1863673,2.819672107696533,61,0.00048296268630285626,12646421,3.0496400661957246,5432
2026-06-20,0.10.4,2026-05-20T21:28:22.257+00:00,1863673,2.819672107696533,61,0.00048296268630285626,12646421,3.0496400661957246,5432
2026-06-20,0.10.4,2026-05-20T21:28:22.257+00:00,1863673,2.819672107696533,61,0.00048296268630285626,12646421,3.0496400661957246,5432
2026-06-21,0.10.4,2026-05-20T21:28:22.257+00:00,1864141,2.819672107696533,61,0.0012875591740737085,12647360,3.049637109643145,5433
2026-06-21,0.10.4,2026-05-20T21:28:22.257+00:00,1864141,2.819672107696533,61,0.0012875591740737085,12647360,3.049637109643145,5433
2026-06-21,0.10.4,2026-05-20T21:28:22.257+00:00,1864141,2.819672107696533,61,0.0012875591740737085,12647360,3.049637109643145,5433
2026-06-22,0.10.4,2026-05-20T21:28:22.257+00:00,1864943,2.819672107696533,61,0.0009118195412582252,12648879,3.049614508090177,5434
2026-06-22,0.10.4,2026-05-20T21:28:22.257+00:00,1864943,2.819672107696533,61,0.0009118195412582252,12648879,3.049614508090177,5434
2026-06-22,0.10.4,2026-05-20T21:28:22.257+00:00,1864943,2.819672107696533,61,0.0009118195412582252,12648879,3.049614508090177,5434
2026-06-23,0.10.4,2026-05-20T21:28:22.257+00:00,1865736,2.819672107696533,61,0.001340188666399701,12650030,3.049595566861994,5437
2026-06-23,0.10.4,2026-05-20T21:28:22.257+00:00,1865736,2.819672107696533,61,0.001340188666399701,12650030,3.049595566861994,5437
2026-06-23,0.10.4,2026-05-20T21:28:22.257+00:00,1865736,2.819672107696533,61,0.001340188666399701,12650030,3.049595566861994,5437
2026-06-24,0.10.4,2026-05-20T21:28:22.257+00:00,1866706,2.819672107696533,61,0.0010716373493478819,12651405,3.049598570755583,5438
2026-06-24,0.10.4,2026-05-20T21:28:22.257+00:00,1866706,2.819672107696533,61,0.0010716373493478819,12651405,3.049598570755583,5438
2026-06-24,0.10.4,2026-05-20T21:28:22.257+00:00,1866706,2.819672107696533,61,0.0010716373493478819,12651405,3.049598570755583,5438
2026-06-25,0.10.4,2026-05-20T21:28:22.257+00:00,1867706,2.819672107696533,61,0.001606588297289525,12652704,3.0495962671268764,5440
2026-06-25,0.10.4,2026-05-20T21:28:22.257+00:00,1867706,2.819672107696533,61,0.001606588297289525,12652704,3.0495962671268764,5440
2026-06-25,0.10.4,2026-05-20T21:28:22.257+00:00,1867706,2.819672107696533,61,0.001606588297289525,12652704,3.0495962671268764,5440
2026-06-26,0.10.4,2026-05-20T21:28:22.257+00:00,1868603,2.819672107696533,61,0.0008564022221496659,12653919,3.049602507926857,5442
2026-06-26,0.10.4,2026-05-20T21:28:22.257+00:00,1868603,2.819672107696533,61,0.0008564022221496659,12653919,3.049602507926857,5442
2026-06-26,0.10.4,2026-05-20T21:28:22.257+00:00,1868603,2.819672107696533,61,0.0008564022221496659,12653919,3.049602507926857,5442
2026-06-27,0.10.4,2026-05-20T21:28:22.257+00:00,1869283,2.819672107696533,61,0.0006955222810562737,12654951,3.049592254594658,5443
2026-06-27,0.10.4,2026-05-20T21:28:22.257+00:00,1869283,2.819672107696533,61,0.0006955222810562737,12654951,3.049592254594658,5443
2026-06-27,0.10.4,2026-05-20T21:28:22.257+00:00,1869283,2.819672107696533,61,0.0006955222810562737,12654951,3.049592254594658,5443
2026-06-28,0.10.4,2026-05-20T21:28:22.257+00:00,1869706,2.819672107696533,61,0.0002674407471652618,12655785,3.0495708761121882,5444
2026-06-28,0.10.4,2026-05-20T21:28:22.257+00:00,1869706,2.819672107696533,61,0.0002674407471652618,12655785,3.0495708761121882,5444
2026-06-28,0.10.4,2026-05-20T21:28:22.257+00:00,1869706,2.819672107696533,61,0.0002674407471652618,12655785,3.0495708761121882,5444
2026-06-29,0.10.4,2026-05-20T21:28:22.257+00:00,1870507,2.819672107696533,61,0.0006417163774040968,12657129,3.0495777437788303,5447
2026-06-29,0.10.4,2026-05-20T21:28:22.257+00:00,1870507,2.819672107696533,61,0.0006417163774040968,12657129,3.0495777437788303,5447
2026-06-29,0.10.4,2026-05-20T21:28:22.257+00:00,1870507,2.819672107696533,61,0.0006417163774040968,12657129,3.0495777437788303,5447
2026-06-30,0.10.4,2026-05-20T21:28:22.257+00:00,1871227,2.819672107696533,61,0.0009086667026569948,12658105,3.049553720688222,5449
2026-06-30,0.10.4,2026-05-20T21:28:22.257+00:00,1871227,2.819672107696533,61,0.0009086667026569948,12658105,3.049553720688222,5449
2026-06-30,0.10.4,2026-05-20T21:28:22.257+00:00,1871227,2.819672107696533,61,0.0009086667026569948,12658105,3.049553720688222,5449
2026-07-01,0.10.4,2026-05-20T21:28:22.257+00:00,1872179,2.819672107696533,61,0.0009082249384677604,12659293,3.0495606384478537,5456
2026-07-01,0.10.4,2026-05-20T21:28:22.257+00:00,1872179,2.819672107696533,61,0.0009082249384677604,12659293,3.0495606384478537,5456
2026-07-01,0.10.4,2026-05-20T21:28:22.257+00:00,1872179,2.819672107696533,61,0.0009082249384677604,12659293,3.0495606384478537,5456
2026-07-02,0.10.4,2026-05-20T21:28:22.257+00:00,1873104,2.819672107696533,61,0.0010145632545480467,12660463,3.049545686190327,5461
2026-07-02,0.10.4,2026-05-20T21:28:22.257+00:00,1873104,2.819672107696533,61,0.0010145632545480467,12660463,3.049545686190327,5461
2026-07-02,0.10.4,2026-05-20T21:28:22.257+00:00,1873104,2.819672107696533,61,0.0010145632545480467,12660463,3.049545686190327,5461
2026-07-03,0.10.4,2026-05-20T21:28:22.257+00:00,1873950,2.819672107696533,61,0.0012809420902092793,12661511,3.0495307594986296,5463
2026-07-03,0.10.4,2026-05-20T21:28:22.257+00:00,1873950,2.819672107696533,61,0.0012809420902092793,12661511,3.0495307594986296,5463
2026-07-03,0.10.4,2026-05-20T21:28:22.257+00:00,1873950,2.819672107696533,61,0.0012809420902092793,12661511,3.0495307594986296,5463
2026-07-04,0.10.4,2026-05-20T21:28:22.257+00:00,1874449,2.819672107696533,61,0.00064023731463129,12662392,3.0495321137724543,5464
2026-07-04,0.10.4,2026-05-20T21:28:22.257+00:00,1874449,2.819672107696533,61,0.00064023731463129,12662392,3.0495321137724543,5464
2026-07-04,0.10.4,2026-05-20T21:28:22.257+00:00,1874449,2.819672107696533,61,0.00064023731463129,12662392,3.0495321137724543,5464
2026-07-05,0.10.4,2026-05-20T21:28:22.257+00:00,1874894,2.819672107696533,61,0.0004800647767405415,12663152,3.0495185785844705,5465
2026-07-05,0.10.4,2026-05-20T21:28:22.257+00:00,1874894,2.819672107696533,61,0.0004800647767405415,12663152,3.0495185785844705,5465
2026-07-05,0.10.4,2026-05-20T21:28:22.257+00:00,1874894,2.819672107696533,61,0.0004800647767405415,12663152,3.0495185785844705,5465
2026-07-06,0.10.4,2026-05-20T21:28:22.257+00:00,1875764,2.819672107696533,61,0.001013230118958549,12664360,3.0495127691333153,5466
2026-07-06,0.10.4,2026-05-20T21:28:22.257+00:00,1875764,2.819672107696533,61,0.001013230118958549,12664360,3.0495127691333153,5466
2026-07-06,0.10.4,2026-05-20T21:28:22.257+00:00,1875764,2.819672107696533,61,0.001013230118958549,12664360,3.0495127691333153,5466
2026-07-07,0.10.4,2026-05-20T21:28:22.257+00:00,1876581,2.819672107696533,61,0.0004264003654251132,12665239,3.049511915524625,5467
2026-07-07,0.10.4,2026-05-20T21:28:22.257+00:00,1876581,2.819672107696533,61,0.0004264003654251132,12665239,3.049511915524625,5467
2026-07-07,0.10.4,2026-05-20T21:28:22.257+00:00,1876581,2.819672107696533,61,0.0004264003654251132,12665239,3.049511915524625,5467
2026-07-08,0.10.4,2026-05-20T21:28:22.257+00:00,1877555,2.819672107696533,61,0.001438297822470367,12666329,3.049505254555899,5468
2026-07-08,0.10.4,2026-05-20T21:28:22.257+00:00,1877555,2.819672107696533,61,0.001438297822470367,12666329,3.049505254555899,5468
2026-07-08,0.10.4,2026-05-20T21:28:22.257+00:00,1877555,2.819672107696533,61,0.001438297822470367,12666329,3.049505254555899,5468
2026-07-09,0.10.4,2026-05-20T21:28:22.257+00:00,1878548,2.819672107696533,61,0.0017570247713871176,12667325,3.0495054241935815,5469
2026-07-09,0.10.4,2026-05-20T21:28:22.257+00:00,1878548,2.819672107696533,61,0.0017570247713871176,12667325,3.0495054241935815,5469
2026-07-09,0.10.4,2026-05-20T21:28:22.257+00:00,1878548,2.819672107696533,61,0.0017570247713871176,12667325,3.0495054241935815,5469
2026-07-10,0.10.4,2026-05-20T21:28:22.257+00:00,1879466,2.819672107696533,61,0.0014900790007955959,12668262,3.0495076971694317,5471
2026-07-10,0.10.4,2026-05-20T21:28:22.257+00:00,1879466,2.819672107696533,61,0.0014900790007955959,12668262,3.0495076971694317,5471
2026-07-10,0.10.4,2026-05-20T21:28:22.257+00:00,1879466,2.819672107696533,61,0.0014900790007955959,12668262,3.0495076971694317,5471
2026-07-11,0.10.4,2026-05-20T21:28:22.257+00:00,1880122,2.819672107696533,61,0.0013298049176185855,12669016,3.049509221003154,5473
2026-07-11,0.10.4,2026-05-20T21:28:22.257+00:00,1880122,2.819672107696533,61,0.0013298049176185855,12669016,3.049509221003154,5473
2026-07-11,0.10.4,2026-05-20T21:28:22.257+00:00,1880122,2.819672107696533,61,0.0013298049176185855,12669016,3.049509221003154,5473
2026-07-12,0.10.4,2026-05-20T21:28:22.257+00:00,1880500,2.819672107696533,61,0.0005318124914245236,12669683,3.049493703366016,5474
2026-07-12,0.10.4,2026-05-20T21:28:22.257+00:00,1880500,2.819672107696533,61,0.0005318124914245236,12669683,3.049493703366016,5474
2026-07-12,0.10.4,2026-05-20T21:28:22.257+00:00,1880500,2.819672107696533,61,0.0005318124914245236,12669683,3.049493703366016,5474
2026-07-13,0.10.4,2026-05-20T21:28:22.257+00:00,1881149,2.819672107696533,61,0.0013824007622345127,12670518,3.049497798114725,5476
2026-07-13,0.10.4,2026-05-20T21:28:22.257+00:00,1881149,2.819672107696533,61,0.0013824007622345127,12670518,3.049497798114725,5476
2026-07-13,0.10.4,2026-05-20T21:28:22.257+00:00,1881149,2.819672107696533,61,0.0013824007622345127,12670518,3.049497798114725,5476
2026-07-14,0.10.4,2026-05-20T21:28:22.257+00:00,1882160,2.819672107696533,61,0.0015942199959825655,12671532,3.049496453227474,5481
2026-07-14,0.10.4,2026-05-20T21:28:22.257+00:00,1882160,2.819672107696533,61,0.0015942199959825655,12671532,3.049496453227474,5481
2026-07-14,0.10.4,2026-05-20T21:28:22.257+00:00,1882160,2.819672107696533,61,0.0015942199959825655,12671532,3.049496453227474,5481
2026-07-15,0.10.4,2026-05-20T21:28:22.257+00:00,1883101,2.819672107696533,61,0.001221606284792542,12672488,3.0494981739013767,5483
2026-07-15,0.10.4,2026-05-20T21:28:22.257+00:00,1883101,2.819672107696533,61,0.001221606284792542,12672488,3.0494981739013767,5483
2026-07-15,0.10.4,2026-05-20T21:28:22.257+00:00,1883101,2.819672107696533,61,0.001221606284792542,12672488,3.0494981739013767,5483
2026-07-16,0.10.4,2026-05-20T21:28:22.257+00:00,1884038,2.819672107696533,61,0.0010086580017635589,12673325,3.049499175147573,5488
2026-07-16,0.10.4,2026-05-20T21:28:22.257+00:00,1884038,2.819672107696533,61,0.0010086580017635589,12673325,3.049499175147573,5488
2026-07-16,0.10.4,2026-05-20T21:28:22.257+00:00,1884038,2.819672107696533,61,0.0010086580017635589,12673325,3.049499175147573,5488
2026-07-17,0.10.4,2026-05-20T21:28:22.257+00:00,1884951,2.819672107696533,61,0.0012734682962108482,12674163,3.0494664535213065,5494
2026-07-17,0.10.4,2026-05-20T21:28:22.257+00:00,1884951,2.819672107696533,61,0.0012734682962108482,12674163,3.0494664535213065,5494
2026-07-17,0.10.4,2026-05-20T21:28:22.257+00:00,1884951,2.819672107696533,61,0.0012734682962108482,12674163,3.0494664535213065,5494
2026-07-18,0.10.4,2026-05-20T21:28:22.257+00:00,1885566,2.819672107696533,61,0.0010077335594899596,12674866,3.0494633590484623,5502
2026-07-18,0.10.4,2026-05-20T21:28:22.257+00:00,1885566,2.819672107696533,61,0.0010077335594899596,12674866,3.0494633590484623,5502
2026-07-18,0.10.4,2026-05-20T21:28:22.257+00:00,1885566,2.819672107696533,61,0.0010077335594899596,12674866,3.0494633590484623,5502
2026-07-19,0.10.4,2026-05-20T21:28:22.257+00:00,1885967,2.819672107696533,61,0.0006363269511507708,12675483,3.0494608907445016,5503
2026-07-19,0.10.4,2026-05-20T21:28:22.257+00:00,1885967,2.819672107696533,61,0.0006363269511507708,12675483,3.0494608907445016,5503
2026-07-19,0.10.4,2026-05-20T21:28:22.257+00:00,1885967,2.819672107696533,61,0.0006363269511507708,12675483,3.0494608907445016,5503
2026-07-20,0.10.4,2026-05-20T21:28:22.257+00:00,1886529,2.819672107696533,61,0.00037111180856568465,12676112,3.0494607672806415,5510
2026-07-20,0.10.4,2026-05-20T21:28:22.257+00:00,1886529,2.819672107696533,61,0.00037111180856568465,12676112,3.0494607672806415,5510
2026-07-20,0.10.4,2026-05-20T21:28:22.257+00:00,1886529,2.819672107696533,61,0.00037111180856568465,12676112,3.0494607672806415,5510
2026-07-21,0.10.4,2026-05-20T21:28:22.257+00:00,1887497,2.819672107696533,61,0.0013777746925045346,12676954,3.049460425405226,5519
2026-07-21,0.10.4,2026-05-20T21:28:22.257+00:00,1887497,2.819672107696533,61,0.0013777746925045346,12676954,3.049460425405226,5519
2026-07-21,0.10.4,2026-05-20T21:28:22.257+00:00,1887497,2.819672107696533,61,0.0013777746925045346,12676954,3.049460425405226,5519
2026-07-22,0.10.4,2026-05-20T21:28:22.257+00:00,1888469,2.819672107696533,61,0.0019066645340270769,12677793,3.0494726483630936,5525
2026-07-22,0.10.4,2026-05-20T21:28:22.257+00:00,1888469,2.819672107696533,61,0.0019066645340270769,12677793,3.0494726483630936,5525
2026-07-22,0.10.4,2026-05-20T21:28:22.257+00:00,1888469,2.819672107696533,61,0.0019066645340270769,12677793,3.0494726483630936,5525
2026-07-23,0.10.4,2026-05-20T21:28:22.257+00:00,1889360,2.819672107696533,61,0.00116461887847202,12678558,3.0494834569198344,5536
2026-07-23,0.10.4,2026-05-20T21:28:22.257+00:00,1889360,2.819672107696533,61,0.00116461887847202,12678558,3.0494834569198344,5536
2026-07-23,0.10.4,2026-05-20T21:28:22.257+00:00,1889360,2.819672107696533,61,0.00116461887847202,12678558,3.0494834569198344,5536
2026-07-24,0.10.4,2026-05-20T21:28:22.257+00:00,1890251,2.819672107696533,61,0.0011111334513603977,12679214,3.0494999494871156,5551
2026-07-24,0.10.4,2026-05-20T21:28:22.257+00:00,1890251,2.819672107696533,61,0.0011111334513603977,12679214,3.0494999494871156,5551
2026-07-24,0.10.4,2026-05-20T21:28:22.257+00:00,1890251,2.819672107696533,61,0.0011111334513603977,12679214,3.0494999494871156,5551
2026-07-25,0.10.4,2026-05-20T21:28:22.257+00:00,1890874,2.819672107696533,61,0.0009520122365306136,12679798,3.0494807852558723,5562
2026-07-25,0.10.4,2026-05-20T21:28:22.257+00:00,1890874,2.819672107696533,61,0.0009520122365306136,12679798,3.0494807852558723,5562
2026-07-25,0.10.4,2026-05-20T21:28:22.257+00:00,1890874,2.819672107696533,61,0.0009520122365306136,12679798,3.0494807852558723,5562
2026-07-26,0.10.4,2026-05-20T21:28:22.257+00:00,1891235,2.819672107696533,61,0.00042303287071163647,12680355,3.0494841503391035,5571
2026-07-26,0.10.4,2026-05-20T21:28:22.257+00:00,1891235,2.819672107696533,61,0.00042303287071163647,12680355,3.0494841503391035,5571
2026-07-26,0.10.4,2026-05-20T21:28:22.257+00:00,1891235,2.819672107696533,61,0.00042303287071163647,12680355,3.0494841503391035,5571
2026-07-27,0.10.4,2026-05-20T21:28:22.257+00:00,1891854,2.819672107696533,61,0.0011102252805697888,12680952,3.0494789303167433,5595
2026-07-27,0.10.4,2026-05-20T21:28:22.257+00:00,1891854,2.819672107696533,61,0.0011102252805697888,12680952,3.0494789303167433,5595
2026-07-27,0.10.4,2026-05-20T21:28:22.257+00:00,1891854,2.819672107696533,61,0.0011102252805697888,12680952,3.0494789303167433,5595
2026-07-28,0.10.5,2026-07-27T17:39:30.79+00:00,1892736,2.819672107696533,61,0.0008454912330485614,12682063,3.0494918933422817,5617
2026-07-28,0.10.5,2026-07-27T17:39:30.79+00:00,1892736,2.819672107696533,61,0.0008454912330485614,12682063,3.0494918933422817,5617
2026-07-28,0.10.5,2026-07-27T17:39:30.79+00:00,1892736,2.819672107696533,61,0.0008454912330485614,12682063,3.0494918933422817,5617
2026-07-29,0.10.5,2026-07-27T17:39:30.79+00:00,1893726,2.819672107696533,61,0.0014788633456325469,12682960,3.049495034230743,5634
2026-07-29,0.10.5,2026-07-27T17:39:30.79+00:00,1893726,2.819672107696533,61,0.0014788633456325469,12682960,3.049495034230743,5634
2026-07-29,0.10.5,2026-07-27T17:39:30.79+00:00,1893726,2.819672107696533,61,0.0014788633456325469,12682960,3.049495034230743,5634
2026-07-30,0.10.6,2026-07-29T14:21:42.353+00:00,1894856,2.819672107696533,61,0.0012668698233191673,12769729,3.0494903201161345,5658
2026-07-30,0.10.6,2026-07-29T14:21:42.353+00:00,1894856,2.819672107696533,61,0.0012668698233191673,12769729,3.0494903201161345,5658
2026-07-30,0.10.6,2026-07-29T14:21:42.353+00:00,1894856,2.819672107696533,61,0.0012668698233191673,12769729,3.0494903201161345,5658
2026-07-31,0.10.6,2026-07-29T14:21:42.353+00:00,1895757,2.819672107696533,61,0.0010024010142187945,12792546,3.0494869507550475,5671
2026-07-31,0.10.6,2026-07-29T14:21:42.353+00:00,1895757,2.819672107696533,61,0.0010024010142187945,12792546,3.0494869507550475,5671
2026-07-31,0.10.6,2026-07-29T14:21:42.353+00:00,1895757,2.819672107696533,61,0.0010024010142187945,12792546,3.0494869507550475,5671
2026-08-01,0.10.6,2026-07-29T14:21:42.353+00:00,1896472,2.819672107696533,61,0.0006328105966243774,12802176,3.0494820466962125,5677
2026-08-01,0.10.6,2026-07-29T14:21:42.353+00:00,1896472,2.819672107696533,61,0.0006328105966243774,12802176,3.0494820466962125,5677
2026-08-01,0.10.6,2026-07-29T14:21:42.353+00:00,1896472,2.819672107696533,61,0.0006328105966243774,12802176,3.0494820466962125,5677
2026-08-02,0.10.6,2026-07-29T14:21:42.353+00:00,1897009,2.819672107696533,61,0.0010016527269995493,12807826,3.0494970687089458,5682
2026-08-02,0.10.6,2026-07-29T14:21:42.353+00:00,1897009,2.819672107696533,61,0.0010016527269995493,12807826,3.0494970687089458,5682
2026-08-02,0.10.6,2026-07-29T14:21:42.353+00:00,1897009,2.819672107696533,61,0.0010016527269995493,12807826,3.0494970687089458,5682
2026-08-03,0.10.6,2026-07-29T14:21:42.353+00:00,1897697,2.819672107696533,61,0.000685193237669816,12815639,3.0494999807452547,5689
2026-08-03,0.10.6,2026-07-29T14:21:42.353+00:00,1897697,2.819672107696533,61,0.000685193237669816,12815639,3.0494999807452547,5689
2026-08-03,0.10.6,2026-07-29T14:21:42.353+00:00,1897697,2.819672107696533,61,0.000685193237669816,12815639,3.0494999807452547,5689
2026-08-04,0.10.6,2026-07-29T14:21:42.353+00:00,1898773,2.819672107696533,61,0.0014222892746746118,12823639,3.049502730760805,5695
2026-08-04,0.10.6,2026-07-29T14:21:42.353+00:00,1898773,2.819672107696533,61,0.0014222892746746118,12823639,3.049502730760805,5695
2026-08-04,0.10.6,2026-07-29T14:21:42.353+00:00,1898773,2.819672107696533,61,0.0014222892746746118,12823639,3.049502730760805,5695
2026-08-05,0.10.6,2026-07-29T14:21:42.353+00:00,1899839,2.819672107696533,61,0.0015794053959858885,12830342,3.0495095116879973,5700
2026-08-05,0.10.6,2026-07-29T14:21:42.353+00:00,1899839,2.819672107696533,61,0.0015794053959858885,12830342,3.0495095116879973,5700
2026-08-05,0.10.6,2026-07-29T14:21:42.353+00:00,1899839,2.819672107696533,61,0.0015794053959858885,12830342,3.0495095116879973,5700
2026-08-06,0.10.6,2026-07-29T14:21:42.353+00:00,1900905,2.819672107696533,61,0.0011575894987690088,12836127,3.0495095116879973,5704
2026-08-06,0.10.6,2026-07-29T14:21:42.353+00:00,1900905,2.819672107696533,61,0.0011575894987690088,12836127,3.0495095116879973,5704
2026-08-06,0.10.6,2026-07-29T14:21:42.353+00:00,1900905,2.819672107696533,61,0.0011575894987690088,12836127,3.0495095116879973,5704
2026-08-07,0.10.6,2026-07-29T14:21:42.353+00:00,1901812,2.819672107696533,61,0.0016829385790528843,12840235,3.049503058233828,5715
2026-08-07,0.10.6,2026-07-29T14:21:42.353+00:00,1901812,2.819672107696533,61,0.0016829385790528843,12840235,3.049503058233828,5715
2026-08-07,0.10.6,2026-07-29T14:21:42.353+00:00,1901812,2.819672107696533,61,0.0016829385790528843,12840235,3.049503058233828,5715
2026-08-08,0.10.6,2026-07-29T14:21:42.353+00:00,1902537,2.819672107696533,61,0.0005782276271903657,12843288,3.04951185789661,5726
2026-08-08,0.10.6,2026-07-29T14:21:42.353+00:00,1902537,2.819672107696533,61,0.0005782276271903657,12843288,3.04951185789661,5726
2026-08-08,0.10.6,2026-07-29T14:21:42.353+00:00,1902537,2.819672107696533,61,0.0005782276271903657,12843288,3.04951185789661,5726
2026-08-09,0.10.6,2026-07-29T14:21:42.353+00:00,1903011,2.819672107696533,61,0.0011561513822578061,12845561,3.049519528311036,5727
2026-08-09,0.10.6,2026-07-29T14:21:42.353+00:00,1903011,2.819672107696533,61,0.0011561513822578061,12845561,3.049519528311036,5727
2026-08-09,0.10.6,2026-07-29T14:21:42.353+00:00,1903011,2.819672107696533,61,0.0011561513822578061,12845561,3.049519528311036,5727
2026-08-10,0.10.6,2026-07-29T14:21:42.353+00:00,1903599,2.819672107696533,61,0.0009457308134861213,12848712,3.0494894581431886,5735
2026-08-10,0.10.6,2026-07-29T14:21:42.353+00:00,1903599,2.819672107696533,61,0.0009457308134861213,12848712,3.0494894581431886,5735
2026-08-10,0.10.6,2026-07-29T14:21:42.353+00:00,1903599,2.819672107696533,61,0.0009457308134861213,12848712,3.0494894581431886,5735
2026-08-11,0.10.6,2026-07-29T14:21:42.353+00:00,1904512,2.819672107696533,61,0.0009977859654577,12852295,3.049510742712612,5736
2026-08-11,0.10.6,2026-07-29T14:21:42.353+00:00,1904512,2.819672107696533,61,0.0009977859654577,12852295,3.049510742712612,5736
2026-08-11,0.10.6,2026-07-29T14:21:42.353+00:00,1904512,2.819672107696533,61,0.0009977859654577,12852295,3.049510742712612,5736
2026-08-12,0.10.6,2026-07-29T14:21:42.353+00:00,1905423,2.819672107696533,61,0.0011548047225214215,12855616,3.0495109094877857,5739
2026-08-12,0.10.6,2026-07-29T14:21:42.353+00:00,1905423,2.819672107696533,61,0.0011548047225214215,12855616,3.0495109094877857,5739
2026-08-12,0.10.6,2026-07-29T14:21:42.353+00:00,1905423,2.819672107696533,61,0.0011548047225214215,12855616,3.0495109094877857,5739
2026-08-13,0.10.6,2026-07-29T14:21:42.353+00:00,1906274,2.819672107696533,61,0.0008919380344414001,12858464,3.0495087809303802,5743
2026-08-13,0.10.6,2026-07-29T14:21:42.353+00:00,1906274,2.819672107696533,61,0.0008919380344414001,12858464,3.0495087809303802,5743
2026-08-13,0.10.6,2026-07-29T14:21:42.353+00:00,1906274,2.819672107696533,61,0.0008919380344414001,12858464,3.0495087809303802,5743
2026-08-14,0.10.6,2026-07-29T14:21:42.353+00:00,1907131,2.819672107696533,61,0.0012062131514993229,12861081,3.0495077740500585,5759
2026-08-14,0.10.6,2026-07-29T14:21:42.353+00:00,1907131,2.819672107696533,61,0.0012062131514993229,12861081,3.0495077740500585,5759
2026-08-14,0.10.6,2026-07-29T14:21:42.353+00:00,1907131,2.819672107696533,61,0.0012062131514993229,12861081,3.0495077740500585,5759
2026-08-15,0.10.6,2026-07-29T14:21:42.353+00:00,1907754,2.819672107696533,61,0.00031453349178831686,12863029,3.0495088993052493,5793
2026-08-15,0.10.6,2026-07-29T14:21:42.353+00:00,1907754,2.819672107696533,61,0.00031453349178831686,12863029,3.0495088993052493,5793
2026-08-15,0.10.6,2026-07-29T14:21:42.353+00:00,1907754,2.819672107696533,61,0.00031453349178831686,12863029,3.0495088993052493,5793
2026-08-16,0.10.6,2026-07-29T14:21:42.353+00:00,1908127,2.819672107696533,61,0.0004716976187655988,12864592,3.049515544254077,5820
2026-08-16,0.10.6,2026-07-29T14:21:42.353+00:00,1908127,2.819672107696533,61,0.0004716976187655988,12864592,3.049515544254077,5820
2026-08-16,0.10.6,2026-07-29T14:21:42.353+00:00,1908127,2.819672107696533,61,0.0004716976187655988,12864592,3.049515544254077,5820
2026-08-17,0.10.6,2026-07-29T14:21:42.353+00:00,1908439,2.819672107696533,61,0.0010480060113624812,12865773,3.049515544254077,5837
2026-08-17,0.10.6,2026-07-29T14:21:42.353+00:00,1908439,2.819672107696533,61,0.0010480060113624812,12865773,3.049515544254077,5837
2026-08-17,0.10.6,2026-07-29T14:21:42.353+00:00,1908439,2.819672107696533,61,0.0010480060113624812,12865773,3.049515544254077,5837
2026-08-18,0.10.6,2026-07-29T14:21:42.353+00:00,1909524,2.819672107696533,61,0.0019380179942351822,12868800,3.049514291279862,5873
2026-08-18,0.10.6,2026-07-29T14:21:42.353+00:00,1909524,2.819672107696533,61,0.0019380179942351822,12868800,3.049514291279862,5873
2026-08-18,0.10.6,2026-07-29T14:21:42.353+00:00,1909524,2.819672107696533,61,0.0019380179942351822,12868800,3.049514291279862,5873
2026-08-19,0.10.6,2026-07-29T14:21:42.353+00:00,1910442,2.819672107696533,61,0.0011517516572135777,12871054,3.0495080939625687,5902
2026-08-19,0.10.6,2026-07-29T14:21:42.353+00:00,1910442,2.819672107696533,61,0.0011517516572135777,12871054,3.0495080939625687,5902
2026-08-19,0.10.6,2026-07-29T14:21:42.353+00:00,1910442,2.819672107696533,61,0.0011517516572135777,12871054,3.0495080939625687,5902
2026-08-20,0.10.6,2026-07-29T14:21:42.353+00:00,1911428,2.819672107696533,61,0.0006802585819852876,12873213,3.049504549906915,5931
2026-08-20,0.10.6,2026-07-29T14:21:42.353+00:00,1911428,2.819672107696533,61,0.0006802585819852876,12873213,3.049504549906915,5931
2026-08-20,0.10.6,2026-07-29T14:21:42.353+00:00,1911428,2.819672107696533,61,0.0006802585819852876,12873213,3.049504549906915,5931
2026-08-21,0.10.6,2026-07-29T14:21:42.353+00:00,1912373,2.819672107696533,61,0.0014644267213943852,12875119,3.0495062488264746,5963
2026-08-21,0.10.6,2026-07-29T14:21:42.353+00:00,1912373,2.819672107696533,61,0.0014644267213943852,12875119,3.0495062488264746,5963
2026-08-21,0.10.6,2026-07-29T14:21:42.353+00:00,1912373,2.819672107696533,61,0.0014644267213943852,12875119,3.0495062488264746,5963
2026-08-22,0.10.6,2026-07-29T14:21:42.353+00:00,1912990,2.819672107696533,61,0.0006796141882531301,12876771,3.049502026417815,5990
2026-08-22,0.10.6,2026-07-29T14:21:42.353+00:00,1912990,2.819672107696533,61,0.0006796141882531301,12876771,3.049502026417815,5990
2026-08-22,0.10.6,2026-07-29T14:21:42.353+00:00,1912990,2.819672107696533,61,0.0006796141882531301,12876771,3.049502026417815,5990
2026-08-23,0.10.6,2026-07-29T14:21:42.353+00:00,1913464,2.819672107696533,61,0.00057494334194703,12878001,3.0495060404329015,6017
2026-08-23,0.10.6,2026-07-29T14:21:42.353+00:00,1913464,2.819672107696533,61,0.00057494334194703,12878001,3.0495060404329015,6017
2026-08-23,0.10.6,2026-07-29T14:21:42.353+00:00,1913464,2.819672107696533,61,0.00057494334194703,12878001,3.0495060404329015,6017
2026-08-24,0.10.6,2026-07-29T14:21:42.353+00:00,1914076,2.819672107696533,61,0.0008360614191620052,12879697,3.0495072706496287,6043
2026-08-24,0.10.6,2026-07-29T14:21:42.353+00:00,1914076,2.819672107696533,61,0.0008360614191620052,12879697,3.0495072706496287,6043
2026-08-24,0.10.6,2026-07-29T14:21:42.353+00:00,1914076,2.819672107696533,61,0.0008360614191620052,12879697,3.0495072706496287,6043
2026-08-25,0.10.6,2026-07-29T14:21:42.353+00:00,1914980,2.819672107696533,61,0.001096785582596833,12881583,3.0495110641802374,6069
2026-08-25,0.10.6,2026-07-29T14:21:42.353+00:00,1914980,2.819672107696533,61,0.001096785582596833,12881583,3.0495110641802374,6069
2026-08-25,0.10.6,2026-07-29T14:21:42.353+00:00,1914980,2.819672107696533,61,0.001096785582596833,12881583,3.0495110641802374,6069
2026-08-26,0.10.6,2026-07-29T14:21:42.353+00:00,1915949,2.819672107696533,61,0.0008352395936976997,12883436,3.0495150195773753,6101
2026-08-26,0.10.6,2026-07-29T14:21:42.353+00:00,1915949,2.819672107696533,61,0.0008352395936976997,12883436,3.0495150195773753,6101
2026-08-26,0.10.6,2026-07-29T14:21:42.353+00:00,1915949,2.819672107696533,61,0.0008352395936976997,12883436,3.0495150195773753,6101
2026-08-27,0.10.6,2026-07-29T14:21:42.353+00:00,1917196,2.819672107696533,61,0.0018262228910256276,12885854,3.0495062483799735,6133
2026-08-27,0.10.6,2026-07-29T14:21:42.353+00:00,1917196,2.819672107696533,61,0.0018262228910256276,12885854,3.0495062483799735,6133
2026-08-27,0.10.6,2026-07-29T14:21:42.353+00:00,1917196,2.819672107696533,61,0.0018262228910256276,12885854,3.0495062483799735,6133
2026-08-28,0.10.6,2026-07-29T14:21:42.353+00:00,1918058,2.819672107696533,61,0.0006258488074450974,12887364,3.0494907863381524,6175
2026-08-28,0.10.6,2026-07-29T14:21:42.353+00:00,1918058,2.819672107696533,61,0.0006258488074450974,12887364,3.0494907863381524,6175
2026-08-28,0.10.6,2026-07-29T14:21:42.353+00:00,1918058,2.819672107696533,61,0.0006258488074450974,12887364,3.0494907863381524,6175
2026-08-29,0.10.6,2026-07-29T14:21:42.353+00:00,1918490,2.819672107696533,61,0.0007298448141398049,12888256,3.0494907863381524,6200
2026-08-29,0.10.6,2026-07-29T14:21:42.353+00:00,1918490,2.819672107696533,61,0.0007298448141398049,12888256,3.0494907863381524,6200
2026-08-29,0.10.6,2026-07-29T14:21:42.353+00:00,1918490,2.819672107696533,61,0.0007298448141398049,12888256,3.0494907863381524,6200
2026-08-30,0.10.6,2026-07-29T14:21:42.353+00:00,1918950,2.819672107696533,61,0.0007296565246147023,12889285,3.0494907689332695,6227
2026-08-30,0.10.6,2026-07-29T14:21:42.353+00:00,1918950,2.819672107696533,61,0.0007296565246147023,12889285,3.0494907689332695,6227
2026-08-30,0.10.6,2026-07-29T14:21:42.353+00:00,1918950,2.819672107696533,61,0.0007296565246147023,12889285,3.0494907689332695,6227
2026-08-31,0.10.6,2026-07-29T14:21:42.353+00:00,1919685,2.819672107696533,61,0.0013026681770669957,12890654,3.0494907689332695,6257
2026-08-31,0.10.6,2026-07-29T14:21:42.353+00:00,1919685,2.819672107696533,61,0.0013026681770669957,12890654,3.0494907689332695,6257
2026-08-31,0.10.6,2026-07-29T14:21:42.353+00:00,1919685,2.819672107696533,61,0.0013026681770669957,12890654,3.0494907689332695,6257
2026-09-01,0.10.6,2026-07-29T14:21:42.353+00:00,1920651,2.819672107696533,61,0.0013020324726898689,12892318,3.0494907689332695,6287
2026-09-01,0.10.6,2026-07-29T14:21:42.353+00:00,1920651,2.819672107696533,61,0.0013020324726898689,12892318,3.0494907689332695,6287
2026-09-01,0.10.6,2026-07-29T14:21:42.353+00:00,1920651,2.819672107696533,61,0.0013020324726898689,12892318,3.0494907689332695,6287
2026-09-02,0.10.6,2026-07-29T14:21:42.353+00:00,1921599,2.819672107696533,61,0.0010931527514394478,12893878,3.0494907689332695,6318
2026-09-02,0.10.6,2026-07-29T14:21:42.353+00:00,1921599,2.819672107696533,61,0.0010931527514394478,12893878,3.0494907689332695,6318
2026-09-02,0.10.6,2026-07-29T14:21:42.353+00:00,1921599,2.819672107696533,61,0.0010931527514394478,12893878,3.0494907689332695,6318
2026-09-03,0.10.6,2026-07-29T14:21:42.353+00:00,1922546,2.819672107696533,61,0.0011446380212330352,12895315,3.049489709512395,6368
2026-09-03,0.10.6,2026-07-29T14:21:42.353+00:00,1922546,2.819672107696533,61,0.0011446380212330352,12895315,3.049489709512395,6368
2026-09-03,0.10.6,2026-07-29T14:21:42.353+00:00,1922546,2.819672107696533,61,0.0011446380212330352,12895315,3.049489709512395,6368
2026-09-04,0.10.6,2026-07-29T14:21:42.353+00:00,1923470,2.819672107696533,61,0.0017681461195953232,12896681,3.0494866551548,6399
2026-09-04,0.10.6,2026-07-29T14:21:42.353+00:00,1923470,2.819672107696533,61,0.0017681461195953232,12896681,3.0494866551548,6399
2026-09-04,0.10.6,2026-07-29T14:21:42.353+00:00,1923470,2.819672107696533,61,0.0017681461195953232,12896681,3.0494866551548,6399
2026-09-05,0.10.6,2026-07-29T14:21:42.353+00:00,1924106,2.819672107696533,61,0.0013514644416710547,12897548,3.04948993351014,6429
2026-09-05,0.10.6,2026-07-29T14:21:42.353+00:00,1924106,2.819672107696533,61,0.0013514644416710547,12897548,3.04948993351014,6429
2026-09-05,0.10.6,2026-07-29T14:21:42.353+00:00,1924106,2.819672107696533,61,0.0013514644416710547,12897548,3.04948993351014,6429
2026-09-06,0.10.6,2026-07-29T14:21:42.353+00:00,1924636,2.819672107696533,61,0.0006755053949498178,12898505,3.04948993351014,6457
2026-09-06,0.10.6,2026-07-29T14:21:42.353+00:00,1924636,2.819672107696533,61,0.0006755053949498178,12898505,3.04948993351014,6457
2026-09-06,0.10.6,2026-07-29T14:21:42.353+00:00,1924636,2.819672107696533,61,0.0006755053949498178,12898505,3.04948993351014,6457
2026-09-07,0.10.6,2026-07-29T14:21:42.353+00:00,1925454,2.819672107696533,61,0.0008311934431305238,12899942,3.04948993351014,6539
2026-09-07,0.10.6,2026-07-29T14:21:42.353+00:00,1925454,2.819672107696533,61,0.0008311934431305238,12899942,3.04948993351014,6539
2026-09-07,0.10.6,2026-07-29T14:21:42.353+00:00,1925454,2.819672107696533,61,0.0008311934431305238,12899942,3.04948993351014,6539
2026-09-08,0.10.6,2026-07-29T14:21:42.353+00:00,1926363,2.819672107696533,61,0.001402046052539339,12901227,3.04948993351014,6574
2026-09-08,0.10.6,2026-07-29T14:21:42.353+00:00,1926363,2.819672107696533,61,0.001402046052539339,12901227,3.04948993351014,6574
2026-09-08,0.10.6,2026-07-29T14:21:42.353+00:00,1926363,2.819672107696533,61,0.001402046052539339,12901227,3.04948993351014,6574
2026-09-09,0.10.6,2026-07-29T14:21:42.353+00:00,1927379,2.819672107696533,61,0.0011936753888008337,12902596,3.04948993351014,6594
2026-09-09,0.10.6,2026-07-29T14:21:42.353+00:00,1927379,2.819672107696533,61,0.0011936753888008337,12902596,3.04948993351014,6594
2026-09-09,0.10.6,2026-07-29T14:21:42.353+00:00,1927379,2.819672107696533,61,0.0011936753888008337,12902596,3.04948993351014,6594
2026-09-10,0.10.6,2026-07-29T14:21:42.353+00:00,1928314,2.819672107696533,61,0.0015561731834012344,12903864,3.04948993351014,6972
2026-09-10,0.10.6,2026-07-29T14:21:42.353+00:00,1928314,2.819672107696533,61,0.0015561731834012344,12903864,3.04948993351014,6972
2026-09-10,0.10.6,2026-07-29T14:21:42.353+00:00,1928314,2.819672107696533,61,0.0015561731834012344,12903864,3.04948993351014,6972
2026-09-11,0.10.6,2026-07-29T14:21:42.353+00:00,1929167,2.819672107696533,61,0.000725876781379394,12905040,3.04948993351014,6981
2026-09-11,0.10.6,2026-07-29T14:21:42.353+00:00,1929167,2.819672107696533,61,0.000725876781379394,12905040,3.04948993351014,6981
2026-09-11,0.10.6,2026-07-29T14:21:42.353+00:00,1929167,2.819672107696533,61,0.000725876781379394,12905040,3.04948993351014,6981
2026-09-12,0.10.6,2026-07-29T14:21:42.353+00:00,1929603,2.819672107696533,61,0.0006737594533634072,12905825,3.04948993351014,6988
2026-09-12,0.10.6,2026-07-29T14:21:42.353+00:00,1929603,2.819672107696533,61,0.0006737594533634072,12905825,3.04948993351014,6988
2026-09-12,0.10.6,2026-07-29T14:21:42.353+00:00,1929603,2.819672107696533,61,0.0006737594533634072,12905825,3.04948993351014,6988
2026-09-13,0.10.6,2026-07-29T14:21:42.353+00:00,1930148,2.819672107696533,61,0.000569976833032541,12906760,3.04948993351014,6997
2026-09-13,0.10.6,2026-07-29T14:21:42.353+00:00,1930148,2.819672107696533,61,0.000569976833032541,12906760,3.04948993351014,6997
2026-09-13,0.10.6,2026-07-29T14:21:42.353+00:00,1930148,2.819672107696533,61,0.000569976833032541,12906760,3.04948993351014,6997
2026-09-14,0.10.6,2026-07-29T14:21:42.353+00:00,1930878,2.819672107696533,61,0.001813142694330044,12907847,3.0493640166594447,7004
2026-09-14,0.10.6,2026-07-29T14:21:42.353+00:00,1930878,2.819672107696533,61,0.001813142694330044,12907847,3.0493640166594447,7004
2026-09-14,0.10.6,2026-07-29T14:21:42.353+00:00,1930878,2.819672107696533,61,0.001813142694330044,12907847,3.0493640166594447,7004
2026-09-15,0.10.6,2026-07-29T14:21:42.353+00:00,1931790,2.819672107696533,61,0.0011391627050557594,12908960,3.0493640166594447,7016
2026-09-15,0.10.6,2026-07-29T14:21:42.353+00:00,1931790,2.819672107696533,61,0.0011391627050557594,12908960,3.0493640166594447,7016
2026-09-15,0.10.6,2026-07-29T14:21:42.353+00:00,1931790,2.819672107696533,61,0.0011391627050557594,12908960,3.0493640166594447,7016
2026-09-16,0.10.6,2026-07-29T14:21:42.353+00:00,1932702,2.819672107696533,61,0.0010351082852654925,12910079,3.0493640166594447,7032
2026-09-16,0.10.6,2026-07-29T14:21:42.353+00:00,1932702,2.819672107696533,61,0.0010351082852654925,12910079,3.0493640166594447,7032
2026-09-16,0.10.6,2026-07-29T14:21:42.353+00:00,1932702,2.819672107696533,61,0.0010351082852654925,12910079,3.0493640166594447,7032
2026-09-17,0.10.6,2026-07-29T14:21:42.353+00:00,1933580,2.819672107696533,61,0.001189816618220438,12911122,3.0493640166594447,7045
2026-09-17,0.10.6,2026-07-29T14:21:42.353+00:00,1933580,2.819672107696533,61,0.001189816618220438,12911122,3.0493640166594447,7045
2026-09-17,0.10.6,2026-07-29T14:21:42.353+00:00,1933580,2.819672107696533,61,0.001189816618220438,12911122,3.0493640166594447,7045
2026-09-18,0.10.6,2026-07-29T14:21:42.353+00:00,1934316,2.819672107696533,61,0.0010341753589105584,12912049,3.0493640166594447,7057
2026-09-18,0.10.6,2026-07-29T14:21:42.353+00:00,1934316,2.819672107696533,61,0.0010341753589105584,12912049,3.0493640166594447,7057
2026-09-18,0.10.6,2026-07-29T14:21:42.353+00:00,1934316,2.819672107696533,61,0.0010341753589105584,12912049,3.0493640166594447,7057
2026-09-19,0.10.6,2026-07-29T14:21:42.353+00:00,1934777,2.819672107696533,61,0.0004652174969334413,12912731,3.0493640166594447,7064
2026-09-19,0.10.6,2026-07-29T14:21:42.353+00:00,1934777,2.819672107696533,61,0.0004652174969334413,12912731,3.0493640166594447,7064
2026-09-19,0.10.6,2026-07-29T14:21:42.353+00:00,1934777,2.819672107696533,61,0.0004652174969334413,12912731,3.0493640166594447,7064
2026-09-20,0.10.6,2026-07-29T14:21:42.353+00:00,1935144,2.819672107696533,61,0.00041344716222788076,12913429,3.0493449717363426,7071
2026-09-20,0.10.6,2026-07-29T14:21:42.353+00:00,1935144,2.819672107696533,61,0.00041344716222788076,12913429,3.0493449717363426,7071
2026-09-20,0.10.6,2026-07-29T14:21:42.353+00:00,1935144,2.819672107696533,61,0.00041344716222788076,12913429,3.0493449717363426,7071
2026-09-21,0.10.6,2026-07-29T14:21:42.353+00:00,1935758,2.819672107696533,61,0.0007750724305186319,12914298,3.0493495249472655,7083
2026-09-21,0.10.6,2026-07-29T14:21:42.353+00:00,1935758,2.819672107696533,61,0.0007750724305186319,12914298,3.0493495249472655,7083
2026-09-21,0.10.6,2026-07-29T14:21:42.353+00:00,1935758,2.819672107696533,61,0.0007750724305186319,12914298,3.0493495249472655,7083
2026-09-22,0.10.6,2026-07-29T14:21:42.353+00:00,1936643,2.819672107696533,61,0.0004648426585074728,12915247,3.049363067572941,7095
2026-09-22,0.10.6,2026-07-29T14:21:42.353+00:00,1936643,2.819672107696533,61,0.0004648426585074728,12915247,3.049363067572941,7095
2026-09-22,0.10.6,2026-07-29T14:21:42.353+00:00,1936643,2.819672107696533,61,0.0004648426585074728,12915247,3.049363067572941,7095
2026-09-23,0.10.6,2026-07-29T14:21:42.353+00:00,1937509,2.819672107696533,61,0.0010841569053825293,12916246,3.0493388558197427,7107
2026-09-23,0.10.6,2026-07-29T14:21:42.353+00:00,1937509,2.819672107696533,61,0.0010841569053825293,12916246,3.0493388558197427,7107
2026-09-23,0.10.6,2026-07-29T14:21:42.353+00:00,1937509,2.819672107696533,61,0.0010841569053825293,12916246,3.0493388558197427,7107
2026-09-24,0.10.6,2026-07-29T14:21:42.353+00:00,1938391,2.819672107696533,61,0.0009804574195083162,12917169,3.049321351743768,7125
2026-09-24,0.10.6,2026-07-29T14:21:42.353+00:00,1938391,2.819672107696533,61,0.0009804574195083162,12917169,3.049321351743768,7125
2026-09-24,0.10.6,2026-07-29T14:21:42.353+00:00,1938391,2.819672107696533,61,0.0009804574195083162,12917169,3.049321351743768,7125
2026-09-25,0.10.6,2026-07-29T14:21:42.353+00:00,1939250,2.819672107696533,61,0.000773698381422986,12918072,3.0493142337155703,7136
2026-09-25,0.10.6,2026-07-29T14:21:42.353+00:00,1939250,2.819672107696533,61,0.000773698381422986,12918072,3.0493142337155703,7136
2026-09-25,0.10.6,2026-07-29T14:21:42.353+00:00,1939250,2.819672107696533,61,0.000773698381422986,12918072,3.0493142337155703,7136
2026-09-26,0.10.6,2026-07-29T14:21:42.353+00:00,1939753,2.819672107696533,61,0.0006702668590160689,12918777,3.0492917839720213,7161
2026-09-26,0.10.6,2026-07-29T14:21:42.353+00:00,1939753,2.819672107696533,61,0.0006702668590160689,12918777,3.0492917839720213,7161
2026-09-26,0.10.6,2026-07-29T14:21:42.353+00:00,1939753,2.819672107696533,61,0.0006702668590160689,12918777,3.0492917839720213,7161
2026-09-27,0.10.6,2026-07-29T14:21:42.353+00:00,1940097,2.819672107696533,61,0.00010309777896454776,12919376,3.0492910743731274,7173
2026-09-27,0.10.6,2026-07-29T14:21:42.353+00:00,1940097,2.819672107696533,61,0.00010309777896454776,12919376,3.0492910743731274,7173
2026-09-27,0.10.6,2026-07-29T14:21:42.353+00:00,1940097,2.819672107696533,61,0.00010309777896454776,12919376,3.0492910743731274,7173
2026-09-28,0.10.6,2026-07-29T14:21:42.353+00:00,1940906,2.819672107696533,61,0.000721543856466373,12920367,3.0492986788502354,7356
2026-09-28,0.10.6,2026-07-29T14:21:42.353+00:00,1940906,2.819672107696533,61,0.000721543856466373,12920367,3.0492986788502354,7356
2026-09-28,0.10.6,2026-07-29T14:21:42.353+00:00,1940906,2.819672107696533,61,0.000721543856466373,12920367,3.0492986788502354,7356
2026-09-29,0.10.6,2026-07-29T14:21:42.353+00:00,1941539,2.819672107696533,61,0.0013394639568280462,12921109,3.0493057778709987,7373
2026-09-29,0.10.6,2026-07-29T14:21:42.353+00:00,1941539,2.819672107696533,61,0.0013394639568280462,12921109,3.0493057778709987,7373
2026-09-29,0.10.6,2026-07-29T14:21:42.353+00:00,1941539,2.819672107696533,61,0.0013394639568280462,12921109,3.0493057778709987,7373
2026-09-30,0.10.6,2026-07-29T14:21:42.353+00:00,1942390,2.819672107696533,61,0.0009784257130277384,12922011,3.0493048548523474,7398
2026-09-30,0.10.6,2026-07-29T14:21:42.353+00:00,1942390,2.819672107696533,61,0.0009784257130277384,12922011,3.0493048548523474,7398
2026-09-30,0.10.6,2026-07-29T14:21:42.353+00:00,1942390,2.819672107696533,61,0.0009784257130277384,12922011,3.0493048548523474,7398
2026-10-01,0.10.6,2026-07-29T14:21:42.353+00:00,1943265,2.819672107696533,61,0.0012353724184576993,12922816,3.049308064308085,7409
2026-10-01,0.10.6,2026-07-29T14:21:42.353+00:00,1943265,2.819672107696533,61,0.0012353724184576993,12922816,3.049308064308085,7409
2026-10-01,0.10.6,2026-07-29T14:21:42.353+00:00,1943265,2.819672107696533,61,0.0012353724184576993,12922816,3.049308064308085,7409
2026-10-02,0.10.6,2026-07-29T14:21:42.353+00:00,1944088,2.819672107696533,61,0.0010804564465433882,12923584,3.049251419003839,7425
2026-10-02,0.10.6,2026-07-29T14:21:42.353+00:00,1944088,2.819672107696533,61,0.0010804564465433882,12923584,3.049251419003839,7425
2026-10-02,0.10.6,2026-07-29T14:21:42.353+00:00,1944088,2.819672107696533,61,0.0010804564465433882,12923584,3.049251419003839,7425
2026-10-03,0.10.6,2026-07-29T14:21:42.353+00:00,1944617,2.819672107696533,61,0.0007200120139147464,12924155,3.0491640300939737,7437
2026-10-03,0.10.6,2026-07-29T14:21:42.353+00:00,1944617,2.819672107696533,61,0.0007200120139147464,12924155,3.0491640300939737,7437
2026-10-03,0.10.6,2026-07-29T14:21:42.353+00:00,1944617,2.819672107696533,61,0.0007200120139147464,12924155,3.0491640300939737,7437
2026-10-04,0.10.6,2026-07-29T14:21:42.353+00:00,1944996,2.819672107696533,61,0.0005141956565892887,12924734,3.049083055418126,7621
2026-10-04,0.10.6,2026-07-29T14:21:42.353+00:00,1944996,2.819672107696533,61,0.0005141956565892887,12924734,3.049083055418126,7621
2026-10-04,0.10.6,2026-07-29T14:21:42.353+00:00,1944996,2.819672107696533,61,0.0005141956565892887,12924734,3.049083055418126,7621
2026-10-06,0.10.6,2026-07-29T14:21:42.353+00:00,1946559,2.819672107696533,61,0.0016443903165965232,12926250,3.0490329144925137,7639
2026-10-06,0.10.6,2026-07-29T14:21:42.353+00:00,1946559,2.819672107696533,61,0.0016443903165965232,12926250,3.0490329144925137,7639
2026-10-06,0.10.6,2026-07-29T14:21:42.353+00:00,1946559,2.819672107696533,61,0.0016443903165965232,12926250,3.0490329144925137,7639
2026-10-07,0.10.6,2026-07-29T14:21:42.353+00:00,1947470,2.819672107696533,61,0.0011813494709095262,12927007,3.0490329801155585,7649
2026-10-07,0.10.6,2026-07-29T14:21:42.353+00:00,1947470,2.819672107696533,61,0.0011813494709095262,12927007,3.0490329801155585,7649
2026-10-07,0.10.6,2026-07-29T14:21:42.353+00:00,1947470,2.819672107696533,61,0.0011813494709095262,12927007,3.0490329801155585,7649
2026-10-08,0.10.6,2026-07-29T14:21:42.353+00:00,1948298,2.819672107696533,61,0.001026796830278185,12927766,3.0490410867854085,7665
2026-10-08,0.10.6,2026-07-29T14:21:42.353+00:00,1948298,2.819672107696533,61,0.001026796830278185,12927766,3.0490410867854085,7665
2026-10-08,0.10.6,2026-07-29T14:21:42.353+00:00,1948298,2.819672107696533,61,0.001026796830278185,12927766,3.0490410867854085,7665
2026-10-09,0.10.6,2026-07-29T14:21:42.353+00:00,1949051,2.819672107696533,61,0.0007697715831122379,12928463,3.0490338882810133,7672
2026-10-09,0.10.6,2026-07-29T14:21:42.353+00:00,1949051,2.819672107696533,61,0.0007697715831122379,12928463,3.0490338882810133,7672
2026-10-09,0.10.6,2026-07-29T14:21:42.353+00:00,1949051,2.819672107696533,61,0.0007697715831122379,12928463,3.0490338882810133,7672
2026-10-10,0.10.6,2026-07-29T14:21:42.353+00:00,1949540,2.819672107696533,61,0.0005129975627485794,12929016,3.0490222996280476,7682
2026-10-10,0.10.6,2026-07-29T14:21:42.353+00:00,1949540,2.819672107696533,61,0.0005129975627485794,12929016,3.0490222996280476,7682
2026-10-10,0.10.6,2026-07-29T14:21:42.353+00:00,1949540,2.819672107696533,61,0.0005129975627485794,12929016,3.0490222996280476,7682
